{"GMTKN55:ACONF/B_G": {"numbers": [6, 1, 1, 1, 6, 1, 1, 6, 1, 1, 6, 1, 1, 1], "positions": [[1.115973904, 2.716887402, -0.96758587014286], [-0.650815962, 3.774459325, -1.05036531714286], [1.329698134, 1.711163892, -2.74902867214286], [2.656550341, 4.074139631, -0.83322824214286], [1.115973904, 0.913769444, 1.27837803585714], [2.873834815, -0.169625584, 1.29665735485714], [1.087556205, 2.009419345, 3.02517271085714], [-1.115973904, -0.913769444, 1.27837803585714], [-2.873834815, 0.169625584, 1.29665735485714], [-1.087556205, -2.009419345, 3.02517271085714], [-1.115973904, -2.716887402, -0.96758587014286], [0.650815962, -3.774459325, -1.05036531714286], [-2.656550341, -4.074139631, -0.83322824214286], [-1.329698134, -1.711163892, -2.74902867214286]], "unpaired_e": 0, "charges": 0, "egfn1": [-1371.3948815999424, -323.92977155143603, -323.81021454748003, -323.8119134339621, -1360.2138310457174, -323.62520185978155, -323.4610504240842, -1360.2138310457165, -323.6252018597813, -323.4610504240839, -1371.394881599943, -323.92977155143603, -323.81191343396233, -323.8102145474799], "ggfn1": [[0.0022061371710151434, -0.0027035267557948828, 0.0030062913428992033], [0.0010941247455775738, -0.00028527461108751595, -0.0006433409871533513], [-0.0003786599263548851, 0.0019360192818567157, 0.0007327299099415541], [-0.0015889810165390372, 3.2483210816280916e-05, -0.0020518002565950155], [-0.0048181358724832535, 0.0010838807793334126, -0.00026971264742314816], [-0.002333981916308403, 0.0011726455995813012, 0.001306092948652804], [0.0017021751264110208, -0.001832811743952334, -0.0020802603103220463], [0.0048181358724832535, -0.0010838807793334126, -0.00026971264742314816], [0.002333981916308403, -0.0011726455995813012, 0.001306092948652804], [-0.0017021751264110208, 0.001832811743952334, -0.0020802603103220463], [-0.0022061371710151434, 0.0027035267557948828, 0.0030062913428992033], [-0.0010941247455775738, 0.00028527461108751595, -0.0006433409871533513], [0.0015889810165390372, -3.2483210816280916e-05, -0.0020518002565950155], [0.0003786599263548851, -0.0019360192818567157, 0.0007327299099415541]], "egfn2": [-1370.4282603310364, -310.22687767878926, -309.49752359032357, -310.9905080898319, -1366.9634506144598, -309.1932315309924, -309.8284944916851, -1366.9634506144594, -309.19323153099253, -309.8284944916855, -1370.4282603310376, -310.2268776787892, -310.99050808983174, -309.4975235903233], "ggfn2": [[0.0016694735968485475, -0.001965817529708147, 0.0023604542948305607], [-0.000615465163718909, 0.0008629189105704427, -0.0009210199350491166], [-0.00028826415655203164, 0.0007444897782988846, -0.0014614606043323874], [-5.79367479076609e-05, 0.0010446632513776422, -0.0014983494766056538], [-0.0033634714782238007, 0.0005997811676934361, 0.00048678540042601526], [-0.00041731164674274623, 0.00047313410323113203, 0.0016161222010850906], [0.001612196210771799, -0.0012123010819777846, -0.0005825319094583392], [0.0033634714782238007, -0.0005997811676934361, 0.00048678540042601526], [0.00041731164674274623, -0.00047313410323113203, 0.0016161222010850906], [-0.001612196210771799, 0.0012123010819777846, -0.0005825319094583392], [-0.0016694735968485475, 0.001965817529708147, 0.0023604542948305607], [0.000615465163718909, -0.0008629189105704427, -0.0009210199350491166], [5.79367479076609e-05, -0.0010446632513776422, -0.0014983494766056538], [0.00028826415655203164, -0.0007444897782988846, -0.0014614606043323874]], "eref": 0.0, "gref": [], "edisp": [-0.26534727069568853, -0.14445045132314197, -0.1530581004929391, -0.12361622492109405, -0.28127674895744, -0.1591631433947057, -0.14732848870983029, -0.28127674895744, -0.15916312513177244, -0.1473285069727635, -0.26534727069568853, -0.14445045132314197, -0.12361622492109405, -0.1530580822300059], "erep": [19.74892003578784, 5.179009037345459, 5.263152945447753, 5.248138184460364, 18.29337302260092, 5.090826245030811, 5.150043733016567, 18.293374191428647, 5.090826245030811, 5.150043733016567, 19.74892003578784, 5.179009037345459, 5.248138184460364, 5.263152361033889], "qat": [-0.24834226071834564, 0.08518253266811371, 0.08640077710151672, 0.07986804097890854, -0.17563073337078094, 0.08872632682323456, 0.08379438519477844, -0.17562858760356903, 0.08872642368078232, 0.08379386365413666, -0.24834127724170685, 0.08518210053443909, 0.07986816018819809, 0.08640024811029434], "cn": [4.016605854034424, 0.9982033371925354, 0.9984771609306335, 0.9979170560836792, 4.024997711181641, 1.0024960041046143, 1.0025514364242554, 4.024997711181641, 1.0024960041046143, 1.0025514364242554, 4.016606330871582, 0.9982033967971802, 0.997917115688324, 0.9984771609306335], "h0": [[-0.5113542079925537, 0.0, 0.0, 0.0, -0.35627204179763794, 0.007102657109498978, -0.3572606146335602, 0.006733746733516455, -0.35708463191986084, 0.006799614522606134, -0.18262077867984772, 0.0, -0.15611112117767334, 0.19445201754570007, -0.06272966414690018, 0.0699731633067131, -0.06353320181369781, 0.07026533782482147, -0.019757742062211037, -0.017181726172566414, -0.02794911339879036, 0.017289623618125916, -0.018578140065073967, 0.037111539393663406, -0.004079763311892748, 0.011582931503653526, -0.00475612748414278, -0.0038652182556688786, -0.009410042315721512, 0.0, -0.004384017549455166, 0.012306165881454945, -0.0008708183304406703, 0.00294038956053555, -0.016378255560994148, 0.03408030793070793], [0.0, -0.36498144268989563, 0.0, 0.0, 0.302523672580719, 0.11091627925634384, -0.03672485426068306, -0.013462577946484089, -0.26455575227737427, -0.09698383510112762, 0.0, -0.11602995544672012, 0.0, 0.0, -0.03824085369706154, 0.012429460883140564, 0.0006271739839576185, -0.00019893374701496214, 0.017182402312755585, 0.0040612416341900826, 0.023998335003852844, -0.014845629222691059, 0.02274942398071289, -0.0257986169308424, 0.00255969213321805, -0.005154281388968229, 0.0038652182556688786, 0.0005192552926018834, 0.007335332687944174, 0.0, 0.0005819965736009181, -0.0011516846716403961, 0.0009048756910488009, -0.0023601886350661516, 0.012185276485979557, -0.014834058471024036], [0.0, 0.0, -0.36498144268989563, 0.0, -0.18108581006526947, -0.06639261543750763, 0.1728164702653885, 0.06335091590881348, -0.2330743819475174, -0.08544298261404037, 0.1561172753572464, 0.0, 0.02877415530383587, -0.18036799132823944, 0.0627937838435173, -0.02040988579392433, 0.015613703057169914, -0.004952514544129372, 0.027950206771492958, 0.023998335003852844, 0.028345784172415733, -0.024149037897586823, 0.014524190686643124, -0.01647092029452324, 0.005490231327712536, -0.011055315844714642, 0.009410042315721512, 0.007335331756621599, 0.015364422462880611, 0.0, 0.008121847175061703, -0.016071926802396774, 0.0016288922633975744, -0.004248642362654209, 0.022062251344323158, -0.02685803547501564], [0.0, 0.0, 0.0, -0.36498144268989563, 0.014174153096973896, 0.005196758545935154, 0.30611059069633484, 0.11221394687891006, -0.023072589188814163, -0.008458204567432404, -0.1944596767425537, 0.0, -0.18036799132823944, 0.10863645374774933, -0.04925679415464401, 0.016009995713829994, -0.0881195142865181, 0.02795059233903885, -0.017290301620960236, -0.014845630154013634, -0.024149037897586823, 0.0042471131309866905, -0.012910449877381325, 0.014640885405242443, -0.0046381172724068165, 0.00933947041630745, 0.0, 0.0, 0.0, -0.0024937656708061695, 0.00010357204882893711, -0.00020495368517003953, -3.2226951589109376e-05, 8.405760308960453e-05, 0.0088758310303092, -0.010805213823914528], [-0.35627204179763794, 0.302523672580719, -0.18108581006526947, 0.014174153096973896, -0.4038337171077728, 0.0, -0.13410505652427673, 0.07250701636075974, -0.13393914699554443, 0.07251512259244919, -0.061390407383441925, 0.037506867200136185, -0.06072907894849777, 0.049436476081609726, -0.01544601283967495, 0.026205698028206825, -0.040093179792165756, 0.04960377514362335, -0.0184162687510252, -0.0026273871771991253, -0.02648087963461876, 0.013153620064258575, -0.03756657615303993, 0.047768484801054, -0.003969924990087748, 0.008858402259647846, -0.004384018015116453, -0.0005819965736009181, -0.008121847175061703, 0.00010357204882893711, -0.0020839828066527843, 0.0051218057051301, -0.0012394227087497711, 0.0032611871138215065, -0.015510376542806625, 0.02628687210381031], [0.007102657109498978, 0.11091627925634384, -0.06639261543750763, 0.005196758545935154, 0.0, -0.08029396831989288, 0.07250706851482391, -0.006167320068925619, 0.07251495867967606, -0.006153888534754515, 0.06947191804647446, -0.012692014686763287, 0.020550202578306198, -0.016728879883885384, 0.026206141337752342, -0.00847571436315775, 0.04960465058684349, -0.006817026529461145, 0.0368969552218914, 0.002994879614561796, 0.030184758827090263, -0.014993413351476192, 0.047769296914339066, -0.007032359950244427, 0.008858557790517807, -0.006191749591380358, 0.01230616681277752, 0.001151684788055718, 0.016071926802396774, -0.00020495368517003953, 0.0051218061707913876, -0.004558865446597338, 0.003261183388531208, -0.0033893827348947525, 0.0262868944555521, -0.008475737646222115], [-0.3572606146335602, -0.03672485426068306, 0.1728164702653885, 0.30611059069633484, -0.13410505652427673, 0.07250706851482391, -0.40383437275886536, 0.0, -0.13490323722362518, 0.07246638089418411, -0.060125935822725296, -0.004431688226759434, -0.016534416005015373, 0.08351050317287445, -0.04185584560036659, 0.050823651254177094, -0.015444050543010235, 0.02620323747396469, -0.015839019790291786, -0.011757085099816322, -0.012618848122656345, 0.019360961392521858, -0.01207517459988594, 0.021755401045084, -0.0032035920303314924, 0.007394355721771717, -0.016378255560994148, -0.012185276485979557, -0.022062251344323158, 0.0088758310303092, -0.015510376542806625, 0.026286901906132698, -0.003202821360900998, 0.007392902858555317, -0.058701008558273315, 0.06029802933335304], [0.006733746733516455, -0.013462577946484089, 0.06335091590881348, 0.11221394687891006, 0.07250701636075974, -0.006167320068925619, 0.0, -0.08029409497976303, 0.0724661722779274, -0.006233931984752417, 0.06897712498903275, 0.001556995790451765, 0.005809081718325615, -0.029339967295527458, 0.05082446709275246, -0.006668641231954098, 0.026203664019703865, -0.008475715294480324, 0.03330325707793236, 0.014570578001439571, 0.015638558194041252, -0.023994073271751404, 0.021755749359726906, -0.008365798741579056, 0.0073944758623838425, -0.005640388932079077, 0.03408031165599823, 0.014834052883088589, 0.026858031749725342, -0.010805215686559677, 0.026286864653229713, -0.008475737646222115, 0.007392886560410261, -0.005639729555696249, 0.06029799208045006, -0.005411283578723669], [-0.35708463191986084, -0.26455575227737427, -0.2330743819475174, -0.023072589188814163, -0.13393914699554443, 0.07251495867967606, -0.13490323722362518, 0.0724661722779274, -0.4038330316543579, 0.0, -0.060715202242136, -0.03229847550392151, -0.06625775992870331, 0.04427022859454155, -0.040676798671483994, 0.05001299828290939, -0.04462563619017601, 0.052644673734903336, -0.0039190007373690605, -0.004204094409942627, -0.005558516830205917, 0.0023531701881438494, -0.003935251384973526, 0.008793504908680916, -0.0012173688737675548, 0.003210259135812521, -0.0008708183886483312, -0.0009048756910488009, -0.0016288922633975744, -3.2226951589109376e-05, -0.0012394227087497711, 0.003261183388531208, -0.0001603284035809338, 0.0005172201199457049, -0.003202821360900998, 0.007392886560410261], [0.006799614522606134, -0.09698383510112762, -0.08544298261404037, -0.008458204567432404, 0.07251512259244919, -0.006153888534754515, 0.07246638089418411, -0.006233931984752417, 0.0, -0.08029382675886154, 0.06921011954545975, 0.011151369661092758, 0.022876152768731117, -0.015284744091331959, 0.050013910979032516, -0.006767601240426302, 0.05264565721154213, -0.0064398073591291904, 0.011195837520062923, 0.00854601338505745, 0.011299260891973972, -0.004783485550433397, 0.008793666027486324, -0.0061693135648965836, 0.0032103187404572964, -0.003352606436237693, 0.00294038956053555, 0.002360188402235508, 0.004248642362654209, 8.405759581364691e-05, 0.0032611871138215065, -0.0033893827348947525, 0.0005172201199457049, -0.0007868569227866828, 0.007392902858555317, -0.005639729555696249], [-0.18262077867984772, 0.0, 0.1561172753572464, -0.1944596767425537, -0.061390407383441925, 0.06947191804647446, -0.060125935822725296, 0.06897712498903275, -0.060715202242136, 0.06921011954545975, -0.5113793611526489, 0.0, 0.0, 0.0, -0.35523179173469543, 0.007495992351323366, -0.35593876242637634, 0.007232575677335262, -0.1818244904279709, -0.19229140877723694, -0.15744993090629578, 0.0, -0.06331097334623337, 0.07018755376338959, -0.06347022205591202, 0.07024501264095306, -0.019757742062211037, -0.017182402312755585, -0.027950210496783257, -0.017290303483605385, -0.01841627061367035, 0.036896951496601105, -0.0039190007373690605, 0.011195836588740349, -0.015839019790291786, 0.03330325335264206], [0.0, -0.11602995544672012, 0.0, 0.0, 0.037506867200136185, -0.012692014686763287, -0.004431688226759434, 0.001556995790451765, -0.03229847550392151, 0.011151369661092758, 0.0, -0.36497214436531067, 0.0, 0.0, -0.29986247420310974, -0.1099541038274765, 0.00485987588763237, 0.0017818593187257648, 0.19229140877723694, 0.10512380301952362, 0.1806117445230484, 0.0, 0.08770204335451126, -0.028008557856082916, 0.04857487604022026, -0.015437839552760124, 0.017181726172566414, 0.0040612416341900826, 0.023998335003852844, 0.014845629222691059, 0.002627387410029769, -0.002994879148900509, 0.004204094875603914, -0.00854601338505745, 0.011757085099816322, -0.014570578932762146], [-0.15611112117767334, 0.0, 0.02877415530383587, -0.18036799132823944, -0.06072907894849777, 0.020550202578306198, -0.016534416005015373, 0.005809081718325615, -0.06625775992870331, 0.022876152768731117, 0.0, 0.0, -0.36497214436531067, 0.0, 0.18480955064296722, 0.06776619702577591, -0.18737341463565826, -0.06870010495185852, 0.15744993090629578, 0.1806117445230484, 0.0324317067861557, 0.0, 0.016357408836483955, -0.005223904270678759, 0.06443911790847778, -0.02047974430024624, 0.02794910967350006, 0.023998335003852844, 0.028345784172415733, 0.024149037897586823, 0.02648087963461876, -0.030184760689735413, 0.005558516830205917, -0.011299263685941696, 0.012618848122656345, -0.015638556331396103], [0.19445201754570007, 0.0, -0.18036799132823944, 0.10863645374774933, 0.049436476081609726, -0.016728879883885384, 0.08351050317287445, -0.029339967295527458, 0.04427022859454155, -0.015284744091331959, 0.0, 0.0, 0.0, -0.36497214436531067, -0.003118153428658843, -0.0011433655163273215, -0.29872941970825195, -0.10952867567539215, 0.0, 0.0, 0.0, -0.11545480042695999, -0.0004018070176243782, 0.00012832123320549726, -0.03850654140114784, 0.012237952090799809, 0.017289621755480766, 0.014845630154013634, 0.024149037897586823, 0.0042471131309866905, 0.013153620064258575, -0.014993413351476192, 0.002353170420974493, -0.004783486481755972, 0.019360961392521858, -0.023994075134396553], [-0.06272966414690018, -0.03824085369706154, 0.0627937838435173, -0.04925679415464401, -0.01544601283967495, 0.026206141337752342, -0.04185584560036659, 0.05082446709275246, -0.040676798671483994, 0.050013910979032516, -0.35523179173469543, -0.29986247420310974, 0.18480955064296722, -0.003118153428658843, -0.40384405851364136, 0.0, -0.13630430400371552, 0.07239075005054474, -0.06331097334623337, -0.08770205080509186, -0.016357410699129105, -0.0004018070758320391, -0.015894899144768715, 0.026768362149596214, -0.04275058954954147, 0.05142516642808914, -0.018578140065073967, -0.02274942398071289, -0.014524192549288273, -0.0129104508087039, -0.03756657615303993, 0.047769300639629364, -0.003935251384973526, 0.00879366509616375, -0.01207517459988594, 0.021755749359726906], [0.0699731633067131, 0.012429460883140564, -0.02040988579392433, 0.016009995713829994, 0.026205698028206825, -0.00847571436315775, 0.050823651254177094, -0.006668641231954098, 0.05001299828290939, -0.006767601240426302, 0.007495992351323366, -0.1099541038274765, 0.06776619702577591, -0.0011433655163273215, 0.0, -0.08029602468013763, 0.07239075750112534, -0.006353089585900307, 0.07018757611513138, 0.028008554130792618, 0.005223908927291632, 0.00012832129141315818, 0.026768365874886513, -0.008475416339933872, 0.05142518877983093, -0.006594193167984486, 0.037111539393663406, 0.0257986132055521, 0.016470925882458687, 0.014640887267887592, 0.0477684810757637, -0.007032359950244427, 0.008793504908680916, -0.0061693135648965836, 0.021755401045084, -0.008365798741579056], [-0.06353320181369781, 0.0006271739839576185, 0.015613703057169914, -0.0881195142865181, -0.040093179792165756, 0.04960465058684349, -0.015444050543010235, 0.026203664019703865, -0.04462563619017601, 0.05264565721154213, -0.35593876242637634, 0.00485987588763237, -0.18737341463565826, -0.29872941970825195, -0.13630430400371552, 0.07239075750112534, -0.4038442075252533, 0.0, -0.06347022205591202, -0.04857487231492996, -0.06443911045789719, -0.03850654140114784, -0.04275058954954147, 0.05142517760396004, -0.047848086804151535, 0.05462481826543808, -0.004079763311892748, -0.0025596919003874063, -0.0054902308620512486, -0.004638116806745529, -0.003969924990087748, 0.008858556859195232, -0.0012173688737675548, 0.0032103187404572964, -0.0032035920303314924, 0.007394476793706417], [0.07026533782482147, -0.00019893374701496214, -0.004952514544129372, 0.02795059233903885, 0.04960377514362335, -0.006817026529461145, 0.02620323747396469, -0.008475715294480324, 0.052644673734903336, -0.0064398073591291904, 0.007232575677335262, 0.0017818593187257648, -0.06870010495185852, -0.10952867567539215, 0.07239075005054474, -0.006353089585900307, 0.0, -0.08029604703187943, 0.07024502009153366, 0.01543782651424408, 0.02047971449792385, 0.012237945571541786, 0.05142517760396004, -0.006594193167984486, 0.05462479591369629, -0.006182779558002949, 0.011582931503653526, 0.005154282320290804, 0.011055314913392067, 0.00933947041630745, 0.00885840319097042, -0.006191749591380358, 0.003210259135812521, -0.003352606436237693, 0.0073943547904491425, -0.005640388932079077], [-0.019757742062211037, 0.017182402312755585, 0.027950206771492958, -0.017290301620960236, -0.0184162687510252, 0.0368969552218914, -0.015839019790291786, 0.03330325707793236, -0.0039190007373690605, 0.011195837520062923, -0.1818244904279709, 0.19229140877723694, 0.15744993090629578, 0.0, -0.06331097334623337, 0.07018757611513138, -0.06347022205591202, 0.07024502009153366, -0.5113793611526489, 0.0, 0.0, 0.0, -0.35523179173469543, 0.007495992351323366, -0.35593876242637634, 0.007232575677335262, -0.18262077867984772, 0.0, -0.1561172604560852, -0.19445966184139252, -0.06139039993286133, 0.06947192549705505, -0.060715191066265106, 0.06921009719371796, -0.060125935822725296, 0.06897710263729095], [-0.017181726172566414, 0.0040612416341900826, 0.023998335003852844, -0.014845630154013634, -0.0026273871771991253, 0.002994879614561796, -0.011757085099816322, 0.014570578001439571, -0.004204094409942627, 0.00854601338505745, -0.19229140877723694, 0.10512380301952362, 0.1806117445230484, 0.0, -0.08770205080509186, 0.028008554130792618, -0.04857487231492996, 0.01543782651424408, 0.0, -0.36497214436531067, 0.0, 0.0, 0.29986247420310974, 0.1099541038274765, -0.00485987588763237, -0.0017818593187257648, 0.0, -0.11602995544672012, 0.0, 0.0, -0.037506867200136185, 0.012692010961472988, 0.03229847922921181, -0.011151358485221863, 0.0044316877610981464, -0.0015569976530969143], [-0.02794911339879036, 0.023998335003852844, 0.028345784172415733, -0.024149037897586823, -0.02648087963461876, 0.030184758827090263, -0.012618848122656345, 0.015638558194041252, -0.005558516830205917, 0.011299260891973972, -0.15744993090629578, 0.1806117445230484, 0.0324317067861557, 0.0, -0.016357410699129105, 0.005223908927291632, -0.06443911045789719, 0.02047971449792385, 0.0, 0.0, -0.36497214436531067, 0.0, -0.18480955064296722, -0.06776619702577591, 0.18737341463565826, 0.06870010495185852, 0.15611113607883453, 0.0, 0.02877415530383587, 0.18036799132823944, 0.060729071497917175, -0.020550202578306198, 0.06625775992870331, -0.02287612296640873, 0.016534414142370224, -0.005809081718325615], [0.017289623618125916, -0.014845629222691059, -0.024149037897586823, 0.0042471131309866905, 0.013153620064258575, -0.014993413351476192, 0.019360961392521858, -0.023994073271751404, 0.0023531701881438494, -0.004783485550433397, 0.0, 0.0, 0.0, -0.11545480042695999, -0.0004018070758320391, 0.00012832129141315818, -0.03850654140114784, 0.012237945571541786, 0.0, 0.0, 0.0, -0.36497214436531067, -0.003118153428658843, -0.0011433655163273215, -0.29872941970825195, -0.10952867567539215, 0.19445203244686127, 0.0, 0.18036799132823944, 0.10863645374774933, 0.049436479806900024, -0.01672888919711113, 0.04427022859454155, -0.015284744091331959, 0.08351049572229385, -0.029339978471398354], [-0.018578140065073967, 0.02274942398071289, 0.014524190686643124, -0.012910449877381325, -0.03756657615303993, 0.047769296914339066, -0.01207517459988594, 0.021755749359726906, -0.003935251384973526, 0.008793666027486324, -0.06331097334623337, 0.08770204335451126, 0.016357408836483955, -0.0004018070176243782, -0.015894899144768715, 0.026768365874886513, -0.04275058954954147, 0.05142517760396004, -0.35523179173469543, 0.29986247420310974, -0.18480955064296722, -0.003118153428658843, -0.40384405851364136, 0.0, -0.13630430400371552, 0.07239075005054474, -0.06272966414690018, 0.03824085742235184, -0.0627937763929367, -0.049256790429353714, -0.01544601283967495, 0.02620614506304264, -0.040676798671483994, 0.050013910979032516, -0.04185584560036659, 0.05082446709275246], [0.037111539393663406, -0.0257986169308424, -0.01647092029452324, 0.014640885405242443, 0.047768484801054, -0.007032359950244427, 0.021755401045084, -0.008365798741579056, 0.008793504908680916, -0.0061693135648965836, 0.07018755376338959, -0.028008557856082916, -0.005223904270678759, 0.00012832123320549726, 0.026768362149596214, -0.008475416339933872, 0.05142517760396004, -0.006594193167984486, 0.007495992351323366, 0.1099541038274765, -0.06776619702577591, -0.0011433655163273215, 0.0, -0.08029602468013763, 0.07239075750112534, -0.006353089585900307, 0.06997314095497131, -0.012429465539753437, 0.020409928634762764, 0.016009990125894547, 0.026205692440271378, -0.00847571436315775, 0.05001299828290939, -0.006767601240426302, 0.050823651254177094, -0.006668641231954098], [-0.004079763311892748, 0.00255969213321805, 0.005490231327712536, -0.0046381172724068165, -0.003969924990087748, 0.008858557790517807, -0.0032035920303314924, 0.0073944758623838425, -0.0012173688737675548, 0.0032103187404572964, -0.06347022205591202, 0.04857487604022026, 0.06443911790847778, -0.03850654140114784, -0.04275058954954147, 0.05142518877983093, -0.047848086804151535, 0.05462479591369629, -0.35593876242637634, -0.00485987588763237, 0.18737341463565826, -0.29872941970825195, -0.13630430400371552, 0.07239075750112534, -0.4038442075252533, 0.0, -0.06353320181369781, -0.0006271741003729403, -0.015613703057169914, -0.0881195217370987, -0.040093179792165756, 0.049604643136262894, -0.04462563619017601, 0.05264564976096153, -0.015444050543010235, 0.026203664019703865], [0.011582931503653526, -0.005154281388968229, -0.011055315844714642, 0.00933947041630745, 0.008858402259647846, -0.006191749591380358, 0.007394355721771717, -0.005640388932079077, 0.003210259135812521, -0.003352606436237693, 0.07024501264095306, -0.015437839552760124, -0.02047974430024624, 0.012237952090799809, 0.05142516642808914, -0.006594193167984486, 0.05462481826543808, -0.006182779558002949, 0.007232575677335262, -0.0017818593187257648, 0.06870010495185852, -0.10952867567539215, 0.07239075005054474, -0.006353089585900307, 0.0, -0.08029604703187943, 0.07026530057191849, 0.00019893354328814894, 0.004952513612806797, 0.027950629591941833, 0.04960378259420395, -0.006817026529461145, 0.05264468118548393, -0.0064398073591291904, 0.02620323747396469, -0.008475715294480324], [-0.00475612748414278, 0.0038652182556688786, 0.009410042315721512, 0.0, -0.004384018015116453, 0.01230616681277752, -0.016378255560994148, 0.03408031165599823, -0.0008708183886483312, 0.00294038956053555, -0.019757742062211037, 0.017181726172566414, 0.02794910967350006, 0.017289621755480766, -0.018578140065073967, 0.037111539393663406, -0.004079763311892748, 0.011582931503653526, -0.18262077867984772, 0.0, 0.15611113607883453, 0.19445203244686127, -0.06272966414690018, 0.06997314095497131, -0.06353320181369781, 0.07026530057191849, -0.5113542079925537, 0.0, 0.0, 0.0, -0.35627204179763794, 0.007102657109498978, -0.35708463191986084, 0.006799614522606134, -0.3572606146335602, 0.006733746733516455], [-0.0038652182556688786, 0.0005192552926018834, 0.007335331756621599, 0.0, -0.0005819965736009181, 0.001151684788055718, -0.012185276485979557, 0.014834052883088589, -0.0009048756910488009, 0.002360188402235508, -0.017182402312755585, 0.0040612416341900826, 0.023998335003852844, 0.014845630154013634, -0.02274942398071289, 0.0257986132055521, -0.0025596919003874063, 0.005154282320290804, 0.0, -0.11602995544672012, 0.0, 0.0, 0.03824085742235184, -0.012429465539753437, -0.0006271741003729403, 0.00019893354328814894, 0.0, -0.36498144268989563, 0.0, 0.0, -0.302523672580719, -0.11091627925634384, 0.26455575227737427, 0.09698383510112762, 0.03672485426068306, 0.013462577946484089], [-0.009410042315721512, 0.007335332687944174, 0.015364422462880611, 0.0, -0.008121847175061703, 0.016071926802396774, -0.022062251344323158, 0.026858031749725342, -0.0016288922633975744, 0.004248642362654209, -0.027950210496783257, 0.023998335003852844, 0.028345784172415733, 0.024149037897586823, -0.014524192549288273, 0.016470925882458687, -0.0054902308620512486, 0.011055314913392067, -0.1561172604560852, 0.0, 0.02877415530383587, 0.18036799132823944, -0.0627937763929367, 0.020409928634762764, -0.015613703057169914, 0.004952513612806797, 0.0, 0.0, -0.36498144268989563, 0.0, 0.18108581006526947, 0.06639261543750763, 0.2330743819475174, 0.08544298261404037, -0.1728164702653885, -0.06335091590881348], [0.0, 0.0, 0.0, -0.0024937656708061695, 0.00010357204882893711, -0.00020495368517003953, 0.0088758310303092, -0.010805215686559677, -3.2226951589109376e-05, 8.405759581364691e-05, -0.017290303483605385, 0.014845629222691059, 0.024149037897586823, 0.0042471131309866905, -0.0129104508087039, 0.014640887267887592, -0.004638116806745529, 0.00933947041630745, -0.19445966184139252, 0.0, 0.18036799132823944, 0.10863645374774933, -0.049256790429353714, 0.016009990125894547, -0.0881195217370987, 0.027950629591941833, 0.0, 0.0, 0.0, -0.36498144268989563, 0.014174153096973896, 0.005196758545935154, -0.023072589188814163, -0.008458204567432404, 0.30611059069633484, 0.11221394687891006], [-0.004384017549455166, 0.0005819965736009181, 0.008121847175061703, 0.00010357204882893711, -0.0020839828066527843, 0.0051218061707913876, -0.015510376542806625, 0.026286864653229713, -0.0012394227087497711, 0.0032611871138215065, -0.01841627061367035, 0.002627387410029769, 0.02648087963461876, 0.013153620064258575, -0.03756657615303993, 0.0477684810757637, -0.003969924990087748, 0.00885840319097042, -0.06139039993286133, -0.037506867200136185, 0.060729071497917175, 0.049436479806900024, -0.01544601283967495, 0.026205692440271378, -0.040093179792165756, 0.04960378259420395, -0.35627204179763794, -0.302523672580719, 0.18108581006526947, 0.014174153096973896, -0.4038337171077728, 0.0, -0.13393914699554443, 0.07251512259244919, -0.13410505652427673, 0.07250701636075974], [0.012306165881454945, -0.0011516846716403961, -0.016071926802396774, -0.00020495368517003953, 0.0051218057051301, -0.004558865446597338, 0.026286901906132698, -0.008475737646222115, 0.003261183388531208, -0.0033893827348947525, 0.036896951496601105, -0.002994879148900509, -0.030184760689735413, -0.014993413351476192, 0.047769300639629364, -0.007032359950244427, 0.008858556859195232, -0.006191749591380358, 0.06947192549705505, 0.012692010961472988, -0.020550202578306198, -0.01672888919711113, 0.02620614506304264, -0.00847571436315775, 0.049604643136262894, -0.006817026529461145, 0.007102657109498978, -0.11091627925634384, 0.06639261543750763, 0.005196758545935154, 0.0, -0.08029396831989288, 0.07251495867967606, -0.006153888534754515, 0.07250706851482391, -0.006167320068925619], [-0.0008708183304406703, 0.0009048756910488009, 0.0016288922633975744, -3.2226951589109376e-05, -0.0012394227087497711, 0.003261183388531208, -0.003202821360900998, 0.007392886560410261, -0.0001603284035809338, 0.0005172201199457049, -0.0039190007373690605, 0.004204094875603914, 0.005558516830205917, 0.002353170420974493, -0.003935251384973526, 0.008793504908680916, -0.0012173688737675548, 0.003210259135812521, -0.060715191066265106, 0.03229847922921181, 0.06625775992870331, 0.04427022859454155, -0.040676798671483994, 0.05001299828290939, -0.04462563619017601, 0.05264468118548393, -0.35708463191986084, 0.26455575227737427, 0.2330743819475174, -0.023072589188814163, -0.13393914699554443, 0.07251495867967606, -0.4038330316543579, 0.0, -0.13490323722362518, 0.07246622443199158], [0.00294038956053555, -0.0023601886350661516, -0.004248642362654209, 8.405760308960453e-05, 0.0032611871138215065, -0.0033893827348947525, 0.007392902858555317, -0.005639729555696249, 0.0005172201199457049, -0.0007868569227866828, 0.011195836588740349, -0.00854601338505745, -0.011299263685941696, -0.004783486481755972, 0.00879366509616375, -0.0061693135648965836, 0.0032103187404572964, -0.003352606436237693, 0.06921009719371796, -0.011151358485221863, -0.02287612296640873, -0.015284744091331959, 0.050013910979032516, -0.006767601240426302, 0.05264564976096153, -0.0064398073591291904, 0.006799614522606134, 0.09698383510112762, 0.08544298261404037, -0.008458204567432404, 0.07251512259244919, -0.006153888534754515, 0.0, -0.08029382675886154, 0.07246632874011993, -0.006233931984752417], [-0.016378255560994148, 0.012185276485979557, 0.022062251344323158, 0.0088758310303092, -0.015510376542806625, 0.0262868944555521, -0.058701008558273315, 0.06029799208045006, -0.003202821360900998, 0.007392902858555317, -0.015839019790291786, 0.011757085099816322, 0.012618848122656345, 0.019360961392521858, -0.01207517459988594, 0.021755401045084, -0.0032035920303314924, 0.0073943547904491425, -0.060125935822725296, 0.0044316877610981464, 0.016534414142370224, 0.08351049572229385, -0.04185584560036659, 0.050823651254177094, -0.015444050543010235, 0.02620323747396469, -0.3572606146335602, 0.03672485426068306, -0.1728164702653885, 0.30611059069633484, -0.13410505652427673, 0.07250706851482391, -0.13490323722362518, 0.07246632874011993, -0.40383437275886536, 0.0], [0.03408030793070793, -0.014834058471024036, -0.02685803547501564, -0.010805213823914528, 0.02628687210381031, -0.008475737646222115, 0.06029802933335304, -0.005411283578723669, 0.007392886560410261, -0.005639729555696249, 0.03330325335264206, -0.014570578932762146, -0.015638556331396103, -0.023994075134396553, 0.021755749359726906, -0.008365798741579056, 0.007394476793706417, -0.005640388932079077, 0.06897710263729095, -0.0015569976530969143, -0.005809081718325615, -0.029339978471398354, 0.05082446709275246, -0.006668641231954098, 0.026203664019703865, -0.008475715294480324, 0.006733746733516455, 0.013462577946484089, -0.06335091590881348, 0.11221394687891006, 0.07250701636075974, -0.006167320068925619, 0.07246622443199158, -0.006233931984752417, 0.0, -0.08029409497976303]], "ovlp": [[1.0, 0.0, 0.0, 0.0, 0.45364826917648315, -0.011003643274307251, 0.45487338304519653, -0.010431349277496338, 0.45465588569641113, -0.010533526539802551, 0.22386106848716736, 0.0, 0.18296152353286743, -0.22789688408374786, 0.0824451595544815, -0.11189359426498413, 0.08348635584115982, -0.1123407781124115, 0.025349784642457962, 0.020552463829517365, 0.033432211726903915, -0.020681528374552727, 0.024792911484837532, -0.06025814265012741, 0.005529099144041538, -0.019099388271570206, 0.006233926862478256, 0.0046679116785526276, 0.011364234611392021, 0.0, 0.005937580019235611, -0.020278604701161385, 0.001195524469949305, -0.004911494441330433, 0.021888284012675285, -0.05541481822729111], [0.0, 1.0, 0.0, 0.0, -0.37560388445854187, -0.19378039240837097, 0.04559674486517906, 0.023520471528172493, 0.328466534614563, 0.16944032907485962, 0.0, 0.1390080451965332, 0.0, 0.0, 0.04732213541865349, -0.02164395898580551, -0.0007761266897432506, 0.0003464182373136282, -0.020552463829517365, -0.004842418245971203, -0.02861439436674118, 0.017701173201203346, -0.028108414262533188, 0.04485490918159485, -0.0031578235793858767, 0.008947793394327164, -0.0046679116785526276, -0.0006177754839882255, -0.008727091364562511, 0.0, -0.0007180502871051431, 0.00199945573695004, -0.0011149271158501506, 0.004092114977538586, -0.015053767710924149, 0.025787774473428726], [0.0, 0.0, 1.0, 0.0, 0.22483046352863312, 0.1159936860203743, -0.21456500887870789, -0.11068040132522583, 0.2893799841403961, 0.14927732944488525, -0.18296153843402863, 0.0, -0.03447246924042702, 0.21608732640743256, -0.07770579308271408, 0.0355406180024147, -0.019321929663419724, 0.008624184876680374, -0.03343220800161362, -0.02861439436674118, -0.03379807248711586, 0.02879408560693264, -0.01794559508562088, 0.02863725833594799, -0.006773151457309723, 0.01919194497168064, -0.011364234611392021, -0.008727090433239937, -0.01827956922352314, 0.0, -0.01002049632370472, 0.027902696281671524, -0.002007011789828539, 0.00736633175984025, -0.027255846187472343, 0.046690456569194794], [0.0, 0.0, 0.0, 1.0, -0.017598183825612068, -0.009079189971089363, -0.38005998730659485, -0.19604900479316711, 0.02864641323685646, 0.014777318574488163, 0.22789689898490906, 0.0, 0.21608732640743256, -0.13015036284923553, 0.06095409765839577, -0.02787889912724495, 0.10904774069786072, -0.04867246001958847, 0.020681526511907578, 0.017701175063848495, 0.02879408560693264, -0.005064041819423437, 0.01595171168446541, -0.025455456227064133, 0.0057219211012125015, -0.016213249415159225, 0.0, 0.0, 0.0, 0.00296691688708961, -0.0001277841511182487, 0.0003558229363989085, 3.970788748119958e-05, -0.0001457397738704458, -0.0109652578830719, 0.018783964216709137], [0.45364826917648315, -0.37560388445854187, 0.22483046352863312, -0.017598183825612068, 1.0, 0.0, 0.18698176741600037, -0.12746241688728333, 0.18675073981285095, -0.1274767369031906, 0.08070798963308334, -0.0464136004447937, 0.07515037804841995, -0.061176128685474396, 0.02153601311147213, -0.046067655086517334, 0.05590096861124039, -0.08719972521066666, 0.024578934535384178, 0.003246360458433628, 0.03271938115358353, -0.016252417117357254, 0.05237819254398346, -0.08397342264652252, 0.005535172298550606, -0.015572408214211464, 0.005937580484896898, 0.0007180502871051431, 0.01002049632370472, -0.0001277841511182487, 0.00290568545460701, -0.00900378916412592, 0.0017281214240938425, -0.005732948891818523, 0.02162601239979267, -0.04621053859591484], [-0.011003643274307251, -0.19378039240837097, 0.1159936860203743, -0.009079189971089363, 0.0, 1.0, -0.12746235728263855, 0.026950597763061523, -0.12747658789157867, 0.02689194679260254, -0.11112120002508163, 0.022101040929555893, -0.0357847735285759, 0.029130570590496063, -0.04606764763593674, 0.03703761100769043, -0.08719974011182785, 0.029789388179779053, -0.059913333505392075, -0.005207145120948553, -0.05248171463608742, 0.026068786159157753, -0.08397341519594193, 0.030730366706848145, -0.015572410076856613, 0.027057021856307983, -0.020278606563806534, -0.0019994559697806835, -0.027902696281671524, 0.0003558229363989085, -0.009003790095448494, 0.019921820610761642, -0.005732948891818523, 0.014811301603913307, -0.04621052369475365, 0.0370381623506546], [0.45487338304519653, 0.04559674486517906, -0.21456500887870789, -0.38005998730659485, 0.18698176741600037, -0.12746235728263855, 1.0, 0.0, 0.1880948394536972, -0.12739087641239166, 0.07906844466924667, 0.005483912769705057, 0.0204602163285017, -0.1033385694026947, 0.0583585724234581, -0.08934405446052551, 0.02153325453400612, -0.046063266694545746, 0.021174918860197067, 0.014524413272738457, 0.015589013695716858, -0.02391805313527584, 0.016836117953062057, -0.03824431449174881, 0.004466688726097345, -0.01299870666116476, 0.021888284012675285, 0.015053767710924149, 0.027255844324827194, -0.0109652578830719, 0.02162601239979267, -0.04621053859591484, 0.004465675912797451, -0.012996210716664791, 0.08184634894132614, -0.10599970072507858], [-0.010431349277496338, 0.023520471528172493, -0.11068040132522583, -0.19604900479316711, -0.12746241688728333, 0.026950597763061523, 0.0, 1.0, -0.1273907870054245, 0.02724170684814453, -0.11036165058612823, -0.002711169421672821, -0.010115251876413822, 0.05108916759490967, -0.08934405446052551, 0.029140949249267578, -0.046063266694545746, 0.03703758120536804, -0.05416914075613022, -0.02532932348549366, -0.027185887098312378, 0.04171101748943329, -0.03824431449174881, 0.03655727207660675, -0.012998704798519611, 0.024647638201713562, -0.055414821952581406, -0.02578776516020298, -0.0466904491186142, 0.018783967941999435, -0.04621052369475365, 0.0370381623506546, -0.012996210716664791, 0.02464509755373001, -0.10599963366985321, 0.023646771907806396], [0.45465588569641113, 0.328466534614563, 0.2893799841403961, 0.02864641323685646, 0.18675073981285095, -0.12747658789157867, 0.1880948394536972, -0.1273907870054245, 1.0, 0.0, 0.07983265817165375, 0.03996779024600983, 0.08199074864387512, -0.05478224903345108, 0.056714750826358795, -0.08791922777891159, 0.062220510095357895, -0.0925455242395401, 0.0053130947053432465, 0.005186429247260094, 0.006857328116893768, -0.0029030153527855873, 0.005486832931637764, -0.015458344481885433, 0.0016973498277366161, -0.00564340315759182, 0.0011955245863646269, 0.0011149271158501506, 0.002007011789828539, 3.970788748119958e-05, 0.0017281214240938425, -0.005732948891818523, 0.0002235453575849533, -0.0009092396940104663, 0.004465675912797451, -0.012996210716664791], [-0.010533526539802551, 0.16944032907485962, 0.14927732944488525, 0.014777318574488163, -0.1274767369031906, 0.02689194679260254, -0.12739087641239166, 0.02724170684814453, 0.0, 1.0, -0.11071948707103729, -0.019417963922023773, -0.03983441740274429, 0.026615440845489502, -0.08791922777891159, 0.029573440551757812, -0.0925455391407013, 0.028141021728515625, -0.018467159941792488, -0.01483566127717495, -0.019615229219198227, 0.008304009214043617, -0.015458345413208008, 0.02695900946855545, -0.00564340315759182, 0.014650402590632439, -0.004911494441330433, -0.004092114511877298, -0.00736633175984025, -0.00014573975931853056, -0.005732948891818523, 0.014811301603913307, -0.0009092397522181273, 0.003438497893512249, -0.012996210716664791, 0.02464509755373001], [0.22386106848716736, 0.0, -0.18296153843402863, 0.22789689898490906, 0.08070798963308334, -0.11112120002508163, 0.07906844466924667, -0.11036165058612823, 0.07983265817165375, -0.11071948707103729, 1.0, 0.0, 0.0, 0.0, 0.45234161615371704, -0.011613383889198303, 0.45321792364120483, -0.011204689741134644, 0.2229061871767044, 0.22537025809288025, 0.1845351904630661, 0.0, 0.08319617062807083, -0.11221719533205032, 0.08340249210596085, -0.11230511218309402, 0.025349784642457962, 0.020552463829517365, 0.033432211726903915, 0.020681528374552727, 0.024578936398029327, -0.059913329780101776, 0.005313094239681959, -0.01846715807914734, 0.021174920722842216, -0.05416913330554962], [0.0, 0.1390080451965332, 0.0, 0.0, -0.0464136004447937, 0.022101040929555893, 0.005483912769705057, -0.002711169421672821, 0.03996779024600983, -0.019417963922023773, 0.0, 1.0, 0.0, 0.0, 0.3722962439060211, 0.19210092723369598, -0.006033843848854303, -0.0031131054274737835, -0.22537025809288025, -0.12594211101531982, -0.21637938916683197, 0.0, -0.1085319072008133, 0.048774175345897675, -0.060111962258815765, 0.02688359096646309, -0.020552463829517365, -0.004842418245971203, -0.02861439436674118, -0.017701173201203346, -0.0032463609240949154, 0.0052071441896259785, -0.005186429712921381, 0.01483566127717495, -0.01452441327273845