{
    "GMTKN55:ACONF/B_G": {
        "numbers": [
            6,
            1,
            1,
            1,
            6,
            1,
            1,
            6,
            1,
            1,
            6,
            1,
            1,
            1
        ],
        "positions": [
            [
                1.115973904,
                2.716887402,
                -0.96758587014286
            ],
            [
                -0.650815962,
                3.774459325,
                -1.05036531714286
            ],
            [
                1.329698134,
                1.711163892,
                -2.74902867214286
            ],
            [
                2.656550341,
                4.074139631,
                -0.83322824214286
            ],
            [
                1.115973904,
                0.913769444,
                1.27837803585714
            ],
            [
                2.873834815,
                -0.169625584,
                1.29665735485714
            ],
            [
                1.087556205,
                2.009419345,
                3.02517271085714
            ],
            [
                -1.115973904,
                -0.913769444,
                1.27837803585714
            ],
            [
                -2.873834815,
                0.169625584,
                1.29665735485714
            ],
            [
                -1.087556205,
                -2.009419345,
                3.02517271085714
            ],
            [
                -1.115973904,
                -2.716887402,
                -0.96758587014286
            ],
            [
                0.650815962,
                -3.774459325,
                -1.05036531714286
            ],
            [
                -2.656550341,
                -4.074139631,
                -0.83322824214286
            ],
            [
                -1.329698134,
                -1.711163892,
                -2.74902867214286
            ]
        ],
        "unpaired_e": 0,
        "charges": 0,
        "egfn1": [
            -1371.3948815999424,
            -323.92977155143603,
            -323.81021454748003,
            -323.8119134339621,
            -1360.2138310457174,
            -323.62520185978155,
            -323.4610504240842,
            -1360.2138310457165,
            -323.6252018597813,
            -323.4610504240839,
            -1371.394881599943,
            -323.92977155143603,
            -323.81191343396233,
            -323.8102145474799
        ],
        "ggfn1": [
            [
                0.0022061371710151434,
                -0.0027035267557948828,
                0.0030062913428992033
            ],
            [
                0.0010941247455775738,
                -0.00028527461108751595,
                -0.0006433409871533513
            ],
            [
                -0.0003786599263548851,
                0.0019360192818567157,
                0.0007327299099415541
            ],
            [
                -0.0015889810165390372,
                3.2483210816280916e-05,
                -0.0020518002565950155
            ],
            [
                -0.0048181358724832535,
                0.0010838807793334126,
                -0.00026971264742314816
            ],
            [
                -0.002333981916308403,
                0.0011726455995813012,
                0.001306092948652804
            ],
            [
                0.0017021751264110208,
                -0.001832811743952334,
                -0.0020802603103220463
            ],
            [
                0.0048181358724832535,
                -0.0010838807793334126,
                -0.00026971264742314816
            ],
            [
                0.002333981916308403,
                -0.0011726455995813012,
                0.001306092948652804
            ],
            [
                -0.0017021751264110208,
                0.001832811743952334,
                -0.0020802603103220463
            ],
            [
                -0.0022061371710151434,
                0.0027035267557948828,
                0.0030062913428992033
            ],
            [
                -0.0010941247455775738,
                0.00028527461108751595,
                -0.0006433409871533513
            ],
            [
                0.0015889810165390372,
                -3.2483210816280916e-05,
                -0.0020518002565950155
            ],
            [
                0.0003786599263548851,
                -0.0019360192818567157,
                0.0007327299099415541
            ]
        ],
        "egfn2": [
            -1370.4282603310364,
            -310.22687767878926,
            -309.49752359032357,
            -310.9905080898319,
            -1366.9634506144598,
            -309.1932315309924,
            -309.8284944916851,
            -1366.9634506144594,
            -309.19323153099253,
            -309.8284944916855,
            -1370.4282603310376,
            -310.2268776787892,
            -310.99050808983174,
            -309.4975235903233
        ],
        "ggfn2": [
            [
                0.0016694735968485475,
                -0.001965817529708147,
                0.0023604542948305607
            ],
            [
                -0.000615465163718909,
                0.0008629189105704427,
                -0.0009210199350491166
            ],
            [
                -0.00028826415655203164,
                0.0007444897782988846,
                -0.0014614606043323874
            ],
            [
                -5.79367479076609e-05,
                0.0010446632513776422,
                -0.0014983494766056538
            ],
            [
                -0.0033634714782238007,
                0.0005997811676934361,
                0.00048678540042601526
            ],
            [
                -0.00041731164674274623,
                0.00047313410323113203,
                0.0016161222010850906
            ],
            [
                0.001612196210771799,
                -0.0012123010819777846,
                -0.0005825319094583392
            ],
            [
                0.0033634714782238007,
                -0.0005997811676934361,
                0.00048678540042601526
            ],
            [
                0.00041731164674274623,
                -0.00047313410323113203,
                0.0016161222010850906
            ],
            [
                -0.001612196210771799,
                0.0012123010819777846,
                -0.0005825319094583392
            ],
            [
                -0.0016694735968485475,
                0.001965817529708147,
                0.0023604542948305607
            ],
            [
                0.000615465163718909,
                -0.0008629189105704427,
                -0.0009210199350491166
            ],
            [
                5.79367479076609e-05,
                -0.0010446632513776422,
                -0.0014983494766056538
            ],
            [
                0.00028826415655203164,
                -0.0007444897782988846,
                -0.0014614606043323874
            ]
        ],
        "eref": 0.0,
        "gref": [],
        "edisp": [
            -0.26534727069568853,
            -0.14445045132314197,
            -0.1530581004929391,
            -0.12361622492109405,
            -0.28127674895744,
            -0.1591631433947057,
            -0.14732848870983029,
            -0.28127674895744,
            -0.15916312513177244,
            -0.1473285069727635,
            -0.26534727069568853,
            -0.14445045132314197,
            -0.12361622492109405,
            -0.1530580822300059
        ],
        "erep": [
            19.74892003578784,
            5.179009037345459,
            5.263152945447753,
            5.248138184460364,
            18.29337302260092,
            5.090826245030811,
            5.150043733016567,
            18.293374191428647,
            5.090826245030811,
            5.150043733016567,
            19.74892003578784,
            5.179009037345459,
            5.248138184460364,
            5.263152361033889
        ],
        "qat": [
            -0.24834226071834564,
            0.08518253266811371,
            0.08640077710151672,
            0.07986804097890854,
            -0.17563073337078094,
            0.08872632682323456,
            0.08379438519477844,
            -0.17562858760356903,
            0.08872642368078232,
            0.08379386365413666,
            -0.24834127724170685,
            0.08518210053443909,
            0.07986816018819809,
            0.08640024811029434
        ],
        "cn": [
            4.016605854034424,
            0.9982033371925354,
            0.9984771609306335,
            0.9979170560836792,
            4.024997711181641,
            1.0024960041046143,
            1.0025514364242554,
            4.024997711181641,
            1.0024960041046143,
            1.0025514364242554,
            4.016606330871582,
            0.9982033967971802,
            0.997917115688324,
            0.9984771609306335
        ],
        "h0": [
            [
                -0.5113542079925537,
                -0.0,
                -0.0,
                -0.0,
                -0.35627204179763794,
                0.007102518808096647,
                -0.35726064443588257,
                0.006734062451869249,
                -0.3570846617221832,
                0.006799784954637289,
                -0.18262074887752533,
                -0.0,
                -0.15611115097999573,
                0.19445204734802246,
                -0.06272966414690018,
                0.06997308135032654,
                -0.06353320926427841,
                0.07026530802249908,
                -0.019757743924856186,
                -0.017181726172566414,
                -0.02794910967350006,
                0.017289623618125916,
                -0.018578140065073967,
                0.03711150959134102,
                -0.004079763311892748,
                0.01158292219042778,
                -0.004756127949804068,
                -0.0038652182556688786,
                -0.009410042315721512,
                -0.0,
                -0.004384017549455166,
                0.012306155636906624,
                -0.0008708183304406703,
                0.0029403867665678263,
                -0.016378253698349,
                0.03408028185367584
            ],
            [
                -0.0,
                -0.36498141288757324,
                -0.0,
                -0.0,
                0.3025236427783966,
                0.11091591417789459,
                -0.03672485426068306,
                -0.013462550938129425,
                -0.26455578207969666,
                -0.09698367118835449,
                -0.0,
                -0.11602993309497833,
                -0.0,
                -0.0,
                -0.03824084624648094,
                0.012429452501237392,
                0.0006271740421652794,
                -0.00019893354328814894,
                0.017182402312755585,
                0.004061240702867508,
                0.023998329415917397,
                -0.01484562549740076,
                0.02274942211806774,
                -0.02579859271645546,
                0.0025596919003874063,
                -0.0051542771980166435,
                0.0038652182556688786,
                0.0005192552343942225,
                0.007335331290960312,
                -0.0,
                0.000581996631808579,
                -0.0011516836239024997,
                0.00090487563284114,
                -0.0023601865395903587,
                0.012185276485979557,
                -0.014834041707217693
            ],
            [
                -0.0,
                -0.0,
                -0.36498141288757324,
                -0.0,
                -0.18108581006526947,
                -0.06639259308576584,
                0.1728164553642273,
                0.06335087865591049,
                -0.23307442665100098,
                -0.08544274419546127,
                0.1561172753572464,
                -0.0,
                0.02877415344119072,
                -0.18036799132823944,
                0.06279376894235611,
                -0.02040993422269821,
                0.01561370212584734,
                -0.004952504765242338,
                0.027950206771492958,
                0.023998329415917397,
                0.028345782309770584,
                -0.024149032309651375,
                0.014524189755320549,
                -0.016470905393362045,
                0.0054902308620512486,
                -0.011055306531488895,
                0.009410042315721512,
                0.007335331290960312,
                0.015364421531558037,
                -0.0,
                0.008121847175061703,
                -0.01607191190123558,
                0.0016288921469822526,
                -0.004248638171702623,
                0.022062251344323158,
                -0.02685800939798355
            ],
            [
                -0.0,
                -0.0,
                -0.0,
                -0.36498141288757324,
                0.014174152165651321,
                0.005196746438741684,
                0.30611059069633484,
                0.11221353709697723,
                -0.023072591051459312,
                -0.008458209224045277,
                -0.1944596767425537,
                -0.0,
                -0.18036799132823944,
                0.10863644629716873,
                -0.049256786704063416,
                0.01600997895002365,
                -0.0881195142865181,
                0.02795063704252243,
                -0.017290301620960236,
                -0.01484562549740076,
                -0.024149032309651375,
                0.004247112199664116,
                -0.01291044894605875,
                0.014640874229371548,
                -0.004638116806745529,
                0.009339461103081703,
                -0.0,
                -0.0,
                -0.0,
                -0.0024937656708061695,
                0.00010357204882893711,
                -0.00020495348144322634,
                -3.222694795113057e-05,
                8.405753033002838e-05,
                0.0088758310303092,
                -0.01080521009862423
            ],
            [
                -0.35627204179763794,
                0.3025236427783966,
                -0.18108581006526947,
                0.014174152165651321,
                -0.4038337171077728,
                -0.0,
                -0.13410505652427673,
                0.07250694930553436,
                -0.13393914699554443,
                0.07251503318548203,
                -0.061390407383441925,
                0.037506867200136185,
                -0.06072907894849777,
                0.049436479806900024,
                -0.01544601283967495,
                0.026205675676465034,
                -0.040093183517456055,
                0.049603745341300964,
                -0.01841627061367035,
                -0.0026273871771991253,
                -0.02648087963461876,
                0.013153618201613426,
                -0.03756657615303993,
                0.047768451273441315,
                -0.003969924990087748,
                0.008858393877744675,
                -0.004384017549455166,
                -0.000581996631808579,
                -0.008121847175061703,
                0.00010357204882893711,
                -0.0020839828066527843,
                0.00512180058285594,
                -0.0012394227087497711,
                0.0032611838541924953,
                -0.015510376542806625,
                0.026286838576197624
            ],
            [
                0.007102518808096647,
                0.11091591417789459,
                -0.06639259308576584,
                0.005196746438741684,
                -0.0,
                -0.08029396086931229,
                0.07250700891017914,
                -0.006167327053844929,
                0.07251493632793427,
                -0.006153825670480728,
                0.06947187334299088,
                -0.012692010961472988,
                0.020550202578306198,
                -0.01672888733446598,
                0.026206124573946,
                -0.00847571436315775,
                0.04960459843277931,
                -0.00681703444570303,
                0.03689692169427872,
                0.0029948768205940723,
                0.030184732750058174,
                -0.014993399381637573,
                0.04776925966143608,
                -0.007032325956970453,
                0.00885854847729206,
                -0.006191738415509462,
                0.012306155636906624,
                0.0011516836239024997,
                0.01607191190123558,
                -0.00020495349599514157,
                0.00512180058285594,
                -0.004558857064694166,
                0.003261180827394128,
                -0.003389376914128661,
                0.02628687210381031,
                -0.008475732989609241
            ],
            [
                -0.35726064443588257,
                -0.03672485426068306,
                0.1728164553642273,
                0.30611059069633484,
                -0.13410505652427673,
                0.07250700891017914,
                -0.40383437275886536,
                -0.0,
                -0.13490323722362518,
                0.07246630638837814,
                -0.060125935822725296,
                -0.004431687295436859,
                -0.016534414142370224,
                0.08351049572229385,
                -0.041855841875076294,
                0.05082361772656441,
                -0.015444050543010235,
                0.02620321698486805,
                -0.015839019790291786,
                -0.011757084168493748,
                -0.012618846260011196,
                0.019360961392521858,
                -0.01207517459988594,
                0.021755386143922806,
                -0.0032035920303314924,
                0.007394349202513695,
                -0.016378255560994148,
                -0.012185275554656982,
                -0.022062251344323158,
                0.0088758310303092,
                -0.015510376542806625,
                0.026286866515874863,
                -0.003202821360900998,
                0.00739289540797472,
                -0.058701008558273315,
                0.06029796972870827
            ],
            [
                0.006734062451869249,
                -0.013462550938129425,
                0.06335087865591049,
                0.11221353709697723,
                0.07250694930553436,
                -0.006167327053844929,
                -0.0,
                -0.08029408752918243,
                0.07246614992618561,
                -0.006233852822333574,
                0.06897708028554916,
                0.0015569959068670869,
                0.005809079390019178,
                -0.029339954257011414,
                0.05082442983984947,
                -0.006668644957244396,
                0.026203639805316925,
                -0.00847571436315775,
                0.03330323100090027,
                0.014570565894246101,
                0.015638545155525208,
                -0.02399405650794506,
                0.021755730733275414,
                -0.008365781977772713,
                0.007394470274448395,
                -0.005640376824885607,
                0.03408028185367584,
                0.014834040775895119,
                0.02685800939798355,
                -0.010805207304656506,
                0.026286844164133072,
                -0.008475732989609241,
                0.007392878644168377,
                -0.005639718379825354,
                0.06029796227812767,
                -0.005411324091255665
            ],
            [
                -0.3570846617221832,
                -0.26455578207969666,
                -0.23307442665100098,
                -0.023072591051459312,
                -0.13393914699554443,
                0.07251493632793427,
                -0.13490323722362518,
                0.07246614992618561,
                -0.4038330316543579,
                -0.0,
                -0.06071518734097481,
                -0.03229847922921181,
                -0.0662577673792839,
                0.04427022859454155,
                -0.040676794946193695,
                0.050012968480587006,
                -0.04462563619017601,
                0.05264466255903244,
                -0.0039190007373690605,
                -0.004204094409942627,
                -0.00555851636454463,
                0.0023531701881438494,
                -0.003935250919312239,
                0.008793496526777744,
                -0.0012173688737675548,
                0.003210256574675441,
                -0.0008708183886483312,
                -0.00090487563284114,
                -0.0016288921469822526,
                -3.222694795113057e-05,
                -0.0012394227087497711,
                0.003261180594563484,
                -0.00016032838902901858,
                0.0005172196542844176,
                -0.003202821360900998,
                0.007392879109829664
            ],
            [
                0.006799784954637289,
                -0.09698367118835449,
                -0.08544274419546127,
                -0.008458209224045277,
                0.07251503318548203,
                -0.006153825670480728,
                0.07246630638837814,
                -0.006233852822333574,
                -0.0,
                -0.08029381930828094,
                0.06921005994081497,
                0.011151363141834736,
                0.02287614345550537,
                -0.015284731984138489,
                0.05001387000083923,
                -0.006767610087990761,
                0.05264562740921974,
                -0.006439842749387026,
                0.011195827275514603,
                0.008546005934476852,
                0.011299250647425652,
                -0.0047834813594818115,
                0.008793658576905727,
                -0.006169305182993412,
                0.003210315713658929,
                -0.003352600149810314,
                0.00294038699939847,
                0.0023601865395903587,
                0.004248638637363911,
                8.405752305407077e-05,
                0.003261184087023139,
                -0.003389376914128661,
                0.0005172197124920785,
                -0.0007868553511798382,
                0.007392894942313433,
                -0.005639718379825354
            ],
            [
                -0.18262074887752533,
                -0.0,
                0.1561172753572464,
                -0.1944596767425537,
                -0.061390407383441925,
                0.06947187334299088,
                -0.060125935822725296,
                0.06897708028554916,
                -0.06071518734097481,
                0.06921005994081497,
                -0.5113793611526489,
                -0.0,
                -0.0,
                -0.0,
                -0.35523179173469543,
                0.0074963695369660854,
                -0.35593870282173157,
                0.007232541684061289,
                -0.1818244755268097,
                -0.19229140877723694,
                -0.15744993090629578,
                -0.0,
                -0.06331097334623337,
                0.07018749415874481,
                -0.06347022205591202,
                0.07024496048688889,
                -0.019757743924856186,
                -0.017182402312755585,
                -0.027950206771492958,
                -0.017290303483605385,
                -0.01841627061367035,
                0.03689692169427872,
                -0.0039190007373690605,
                0.011195827275514603,
                -0.015839019790291786,
                0.03330323100090027
            ],
            [
                -0.0,
                -0.11602993309497833,
                -0.0,
                -0.0,
                0.037506867200136185,
                -0.012692010961472988,
                -0.004431687295436859,
                0.0015569959068670869,
                -0.03229847922921181,
                0.011151363141834736,
                -0.0,
                -0.3649721145629883,
                -0.0,
                -0.0,
                -0.29986244440078735,
                -0.10995394736528397,
                0.004859876353293657,
                0.0017818595515564084,
                0.19229140877723694,
                0.10512381792068481,
                0.1806117445230484,
                -0.0,
                0.08770203590393066,
                -0.028008604422211647,
                0.04857487604022026,
                -0.015437822788953781,
                0.017181726172566414,
                0.004061240702867508,
                0.023998329415917397,
                0.01484562549740076,
                0.002627387410029769,
                -0.002994877751916647,
                0.004204094409942627,
                -0.008546005934476852,
                0.011757084168493748,
                -0.014570566825568676
            ],
            [
                -0.15611115097999573,
                -0.0,
                0.02877415344119072,
                -0.18036799132823944,
                -0.06072907894849777,
                0.020550202578306198,
                -0.016534414142370224,
                0.005809079390019178,
                -0.0662577673792839,
                0.02287614345550537,
                -0.0,
                -0.0,
                -0.3649721145629883,
                -0.0,
                0.18480955064296722,
                0.06776615232229233,
                -0.18737341463565826,
                -0.06870002299547195,
                0.15744991600513458,
                0.1806117445230484,
                0.0324317030608654,
                -0.0,
                0.016357408836483955,
                -0.005223904270678759,
                0.06443911790847778,
                -0.020479716360569,
                0.02794910967350006,
                0.023998329415917397,
                0.028345782309770584,
                0.024149032309651375,
                0.02648087963461876,
                -0.030184736475348473,
                0.00555851636454463,
                -0.011299251578748226,
                0.012618846260011196,
                -0.015638547018170357
            ],
            [
                0.19445204734802246,
                -0.0,
                -0.18036799132823944,
                0.10863644629716873,
                0.049436479806900024,
                -0.01672888733446598,
                0.08351049572229385,
                -0.029339954257011414,
                0.04427022859454155,
                -0.015284731984138489,
                -0.0,
                -0.0,
                -0.0,
                -0.3649721145629883,
                -0.0031181536614894867,
                -0.0011433662148192525,
                -0.29872947931289673,
                -0.10952840000391006,
                -0.0,
                -0.0,
                -0.0,
                -0.11545480042695999,
                -0.00040180704672820866,
                0.00012832116044592112,
                -0.03850654140114784,
                0.012237942777574062,
                0.017289621755480766,
                0.01484562549740076,
                0.024149032309651375,
                0.004247112199664116,
                0.013153620064258575,
                -0.014993402175605297,
                0.0023531701881438494,
                -0.004783481825143099,
                0.019360961392521858,
                -0.02399405464529991
            ],
            [
                -0.06272966414690018,
                -0.03824084624648094,
                0.06279376894235611,
                -0.049256786704063416,
                -0.01544601283967495,
                0.026206124573946,
                -0.041855841875076294,
                0.05082442983984947,
                -0.040676794946193695,
                0.05001387000083923,
                -0.35523179173469543,
                -0.29986244440078735,
                0.18480955064296722,
                -0.0031181536614894867,
                -0.40384405851364136,
                -0.0,
                -0.1363043189048767,
                0.07239075005054474,
                -0.06331097334623337,
                -0.08770203590393066,
                -0.016357408836483955,
                -0.00040180704672820866,
                -0.015894899144768715,
                0.026768341660499573,
                -0.04275058954954147,
                0.051425132900476456,
                -0.018578140065073967,
                -0.02274942211806774,
                -0.014524188823997974,
                -0.01291044894605875,
                -0.03756657615303993,
                0.04776926711201668,
                -0.003935250919312239,
                0.008793658576905727,
                -0.01207517459988594,
                0.021755732595920563
            ],
            [
                0.06997308135032654,
                0.012429452501237392,
                -0.02040993422269821,
                0.01600997895002365,
                0.026205675676465034,
                -0.00847571436315775,
                0.05082361772656441,
                -0.006668644957244396,
                0.050012968480587006,
                -0.006767610087990761,
                0.0074963695369660854,
                -0.10995394736528397,
                0.06776615232229233,
                -0.0011433662148192525,
                -0.0,
                -0.08029601722955704,
                0.07239071279764175,
                -0.006353070959448814,
                0.0701875239610672,
                0.028008563444018364,
                0.0052239070646464825,
                0.00012832123320549726,
                0.026768339797854424,
                -0.008475401438772678,
                0.05142515152692795,
                -0.006594149861484766,
                0.03711150214076042,
                0.02579858899116516,
                0.016470907256007195,
                0.014640873298048973,
                0.04776844382286072,
                -0.007032325956970453,
                0.008793496526777744,
                -0.006169305182993412,
                0.021755384281277657,
                -0.008365781977772713
            ],
            [
                -0.06353320926427841,
                0.0006271740421652794,
                0.01561370212584734,
                -0.0881195142865181,
                -0.040093183517456055,
                0.04960459843277931,
                -0.015444050543010235,
                0.026203639805316925,
                -0.04462563619017601,
                0.05264562740921974,
                -0.35593870282173157,
                0.004859876353293657,
                -0.18737341463565826,
                -0.29872947931289673,
                -0.1363043189048767,
                0.07239071279764175,
                -0.4038442075252533,
                -0.0,
                -0.06347022205591202,
                -0.04857487604022026,
                -0.06443911045789719,
                -0.03850654140114784,
                -0.04275058954954147,
                0.05142514035105705,
                -0.047848090529441833,
                0.0546247698366642,
                -0.004079763311892748,
                -0.0025596919003874063,
                -0.005490230396389961,
                -0.004638116806745529,
                -0.003969924990087748,
                0.00885854847729206,
                -0.0012173688737675548,
                0.003210315713658929,
                -0.0032035920303314924,
                0.0073944698087871075
            ],
            [
                0.07026530802249908,
                -0.00019893354328814894,
                -0.004952504765242338,
                0.02795063704252243,
                0.049603745341300964,
                -0.00681703444570303,
                0.02620321698486805,
                -0.00847571436315775,
                0.05264466255903244,
                -0.006439842749387026,
                0.007232541684061289,
                0.0017818595515564084,
                -0.06870002299547195,
                -0.10952840000391006,
                0.07239075005054474,
                -0.006353070959448814,
                -0.0,
                -0.08029603958129883,
                0.07024496793746948,
                0.015437820926308632,
                0.020479723811149597,
                0.01223795022815466,
                0.05142514035105705,
                -0.006594149861484766,
                0.054624754935503006,
                -0.006182772573083639,
                0.011582921259105206,
                0.005154277663677931,
                0.011055303737521172,
                0.009339461103081703,
                0.00885839480906725,
                -0.006191738415509462,
                0.003210256574675441,
                -0.003352600149810314,
                0.007394349668174982,
                -0.005640376824885607
            ],
            [
                -0.019757743924856186,
                0.017182402312755585,
                0.027950206771492958,
                -0.017290301620960236,
                -0.01841627061367035,
                0.03689692169427872,
                -0.015839019790291786,
                0.03330323100090027,
                -0.0039190007373690605,
                0.011195827275514603,
                -0.1818244755268097,
                0.19229140877723694,
                0.15744991600513458,
                -0.0,
                -0.06331097334623337,
                0.0701875239610672,
                -0.06347022205591202,
                0.07024496793746948,
                -0.5113793611526489,
                -0.0,
                -0.0,
                -0.0,
                -0.35523179173469543,
                0.0074963695369660854,
                -0.35593870282173157,
                0.007232541684061289,
                -0.18262074887752533,
                -0.0,
                -0.1561172902584076,
                -0.1944596767425537,
                -0.061390407383441925,
                0.06947188824415207,
                -0.06071518734097481,
                0.06921005994081497,
                -0.060125935822725296,
                0.06897707283496857
            ],
            [
                -0.017181726172566414,
                0.004061240702867508,
                0.023998329415917397,
                -0.01484562549740076,
                -0.0026273871771991253,
                0.0029948768205940723,
                -0.011757084168493748,
                0.014570565894246101,
                -0.004204094409942627,
                0.008546005934476852,
                -0.19229140877723694,
                0.10512381792068481,
                0.1806117445230484,
                -0.0,
                -0.08770203590393066,
                0.028008563444018364,
                -0.04857487604022026,
                0.015437820926308632,
                -0.0,
                -0.3649721145629883,
                -0.0,
                -0.0,
                0.29986244440078735,
                0.10995394736528397,
                -0.004859876353293657,
                -0.0017818595515564084,
                -0.0,
                -0.11602993309497833,
                -0.0,
                -0.0,
                -0.037506867200136185,
                0.012692008167505264,
                0.032298482954502106,
                -0.011151348240673542,
                0.004431687295436859,
                -0.0015569959068670869
            ],
            [
                -0.02794910967350006,
                0.023998329415917397,
                0.028345782309770584,
                -0.024149032309651375,
                -0.02648087963461876,
                0.030184732750058174,
                -0.012618846260011196,
                0.015638545155525208,
                -0.00555851636454463,
                0.011299250647425652,
                -0.15744993090629578,
                0.1806117445230484,
                0.0324317030608654,
                -0.0,
                -0.016357408836483955,
                0.0052239070646464825,
                -0.06443911045789719,
                0.020479723811149597,
                -0.0,
                -0.0,
                -0.3649721145629883,
                -0.0,
                -0.18480955064296722,
                -0.06776615232229233,
                0.18737341463565826,
                0.06870002299547195,
                0.15611113607883453,
                -0.0,
                0.02877415344119072,
                0.18036799132823944,
                0.06072907894849777,
                -0.020550178363919258,
                0.06625775992870331,
                -0.022876156494021416,
                0.016534412279725075,
                -0.005809086374938488
            ],
            [
                0.017289623618125916,
                -0.01484562549740076,
                -0.024149032309651375,
                0.004247112199664116,
                0.013153618201613426,
                -0.014993399381637573,
                0.019360961392521858,
                -0.02399405650794506,
                0.0023531701881438494,
                -0.0047834813594818115,
                -0.0,
                -0.0,
                -0.0,
                -0.11545480042695999,
                -0.00040180704672820866,
                0.00012832123320549726,
                -0.03850654140114784,
                0.01223795022815466,
                -0.0,
                -0.0,
                -0.0,
                -0.3649721145629883,
                -0.0031181536614894867,
                -0.0011433662148192525,
                -0.29872947931289673,
                -0.10952840000391006,
                0.19445204734802246,
                -0.0,
                0.18036799132823944,
                0.10863644629716873,
                0.049436479806900024,
                -0.016728898510336876,
                0.04427022859454155,
                -0.01528474222868681,
                0.08351048827171326,
                -0.02933996543288231
            ],
            [
                -0.018578140065073967,
                0.02274942211806774,
                0.014524189755320549,
                -0.01291044894605875,
                -0.03756657615303993,
                0.04776925966143608,
                -0.01207517459988594,
                0.021755730733275414,
                -0.003935250919312239,
                0.008793658576905727,
                -0.06331097334623337,
                0.08770203590393066,
                0.016357408836483955,
                -0.00040180704672820866,
                -0.015894899144768715,
                0.026768339797854424,
                -0.04275058954954147,
                0.05142514035105705,
                -0.35523179173469543,
                0.29986244440078735,
                -0.18480955064296722,
                -0.0031181536614894867,
                -0.40384405851364136,
                -0.0,
                -0.1363043189048767,
                0.07239075005054474,
                -0.06272966414690018,
                0.03824084997177124,
                -0.06279376894235611,
                -0.049256786704063416,
                -0.01544601283967495,
                0.026206124573946,
                -0.040676794946193695,
                0.05001388490200043,
                -0.041855841875076294,
                0.050824426114559174
