{"PTB:HE/b2h6he": {"numbers": [2, 5, 5, 1, 1, 1, 1, 1, 1], "positions": [[-0.0, 0.0, 0.0], [0.0, -0.0, 2.63680656864224], [0.0, 0.0, -2.63680656864224], [1.88285763432862, -1.08706836202537, -3.04803040418762], [-0.0, 2.17413672405074, -3.04803040418762], [-1.88285763432862, -1.08706836202537, -3.04803040418762], [1.88285763432862, 1.08706836202537, 3.04803040418762], [-0.0, -2.17413672405074, 3.04803040418762], [-1.88285763432862, 1.08706836202537, 3.04803040418762]], "unpaired_e": 0, "charges": 0, "egfn1": [-949.4387135157783, -887.8580994776958, -887.8580994776959, -333.5164186883398, -333.51641868833974, -333.5164186883395, -333.51641868833934, -333.5164186883395, -333.5164186883397], "ggfn1": [[-6.053892704792254e-17, 9.465593185566806e-20, 4.2643026696570496e-17], [1.142613564528161e-16, -3.3228086081249497e-16, -0.025957131758332253], [-1.2599424507994585e-16, 2.8183496660581786e-16, 0.025957131758332253], [-0.0054193721152842045, 0.0031288759782910347, -0.004493894055485725], [1.818823756035686e-17, -0.006257751956582069, -0.004493894055485725], [0.0054193721152842045, 0.0031288759782910347, -0.004493894055485725], [-0.0054193721152842045, -0.0031288759782910347, 0.004493894055485725], [-4.4203870190343757e-17, 0.006257751956582069, 0.004493894055485725], [0.0054193721152842045, -0.0031288759782910347, 0.004493894055485725]], "egfn2": [], "ggfn2": [], "eref": -7517.7806714451, "gref": [[-1.6635999244840605e-08, 3.5809999410219007e-09, 4.76999995058236e-09], [1.2719999498145285e-09, 7.168702722992748e-05, -0.07631984353065491], [2.438999890941318e-09, -7.168181036831811e-05, 0.07631984353065491], [-0.012111803516745567, 0.007016495801508427, -0.009895357303321362], [1.8160000170297508e-09, -0.013931411318480968, -0.00989639200270176], [0.012111802585422993, 0.007016495335847139, -0.009895355440676212], [-0.012111802585422993, -0.007016494404524565, 0.009895353578031063], [1.2600000209861406e-10, 0.013931410387158394, 0.009896388277411461], [0.012111804448068142, -0.007016496732831001, 0.009895353578031063]], "edisp": [-0.08660602544732614, -0.17316617440634813, -0.17316613788048166, -0.08942892703855657, -0.08942891790708996, -0.08942892703855657, -0.08942891790708996, -0.08942892703855657, -0.08942891790708996], "erep": [2.4143621122602545, 13.905995810326692, 13.905994641498964, 4.232520103279343, 4.232520103279343, 4.232520103279343, 4.232520103279343, 4.232520103279343, 4.232520103279343], "qat": [0.07802017778158188, -0.32334041595458984, -0.32334208488464355, 0.09477724134922028, 0.09477728605270386, 0.09477731585502625, 0.09477698057889938, 0.09477679431438446, 0.09477671980857849], "cn": [1.8889400959014893, 3.895871162414551, 3.895871639251709, 0.9802349209785461, 0.9802349209785461, 0.9802349209785461, 0.9802349209785461, 0.9802349209785461, 0.9802349209785461], "h0": [[-0.8221458792686462, -0.21354363858699799, 0.0, 0.0, 0.3696679472923279, -0.21354363858699799, 0.0, 0.0, -0.3696679472923279, -0.06228066608309746, 0.09454365074634552, -0.06228067725896835, 0.09454365074634552, -0.06228066608309746, 0.09454365074634552, -0.06228066608309746, 0.09454365074634552, -0.06228067725896835, 0.09454365074634552, -0.06228066608309746, 0.09454365074634552], [-0.21354363858699799, -0.4592898488044739, 0.0, 0.0, 0.0, -0.026860930025577545, 0.0, 0.0, -0.05110109969973564, -0.010749940760433674, 0.022758211940526962, -0.010749940760433674, 0.022758211940526962, -0.010749940760433674, 0.022758211940526962, -0.3268977403640747, 0.03274375945329666, -0.3268977403640747, 0.03274368867278099, -0.3268977403640747, 0.03274375945329666], [0.0, 0.0, -0.27947577834129333, 0.0, 0.0, 0.0, -0.015994802117347717, 0.0, 0.0, -0.006743247155100107, 0.008111977018415928, 0.0, 0.0, 0.006743247155100107, -0.008111977018415928, -0.2867061495780945, -0.08242344856262207, 0.0, 0.0, 0.2867061495780945, 0.08242344856262207], [0.0, 0.0, 0.0, -0.27947577834129333, 0.0, 0.0, 0.0, -0.015994802117347717, 0.0, 0.0038932159077376127, -0.004683452192693949, -0.0077864318154752254, 0.009366904385387897, 0.0038932159077376127, -0.004683452192693949, -0.16552989184856415, -0.04758720099925995, 0.3310597836971283, 0.09517434984445572, -0.16552989184856415, -0.04758720099925995], [0.3696679472923279, 0.0, 0.0, 0.0, -0.27947577834129333, 0.05110110715031624, 0.0, 0.0, 0.07263243198394775, 0.020359618589282036, -0.024492161348462105, 0.020359618589282036, -0.024492161348462105, 0.020359618589282036, -0.024492161348462105, -0.06261781603097916, -0.018001614138484, -0.06261781603097916, -0.018001597374677658, -0.06261781603097916, -0.018001614138484], [-0.21354363858699799, -0.026860930025577545, 0.0, 0.0, 0.05110110715031624, -0.4592898488044739, 0.0, 0.0, 0.0, -0.3268977403640747, 0.03274375945329666, -0.3268977403640747, 0.03274368867278099, -0.3268977403640747, 0.03274375945329666, -0.010749940760433674, 0.022758211940526962, -0.010749940760433674, 0.022758211940526962, -0.010749940760433674, 0.022758211940526962], [0.0, 0.0, -0.015994802117347717, 0.0, 0.0, 0.0, -0.27947577834129333, 0.0, 0.0, -0.2867061495780945, -0.08242344856262207, 0.0, 0.0, 0.2867061495780945, 0.08242344856262207, -0.006743247155100107, 0.008111977018415928, 0.0, 0.0, 0.006743247155100107, -0.008111977018415928], [0.0, 0.0, 0.0, -0.015994802117347717, 0.0, 0.0, 0.0, -0.27947577834129333, 0.0, 0.16552989184856415, 0.04758720099925995, -0.3310597836971283, -0.09517434984445572, 0.16552989184856415, 0.04758720099925995, -0.0038932159077376127, 0.004683452192693949, 0.0077864318154752254, -0.009366904385387897, -0.0038932159077376127, 0.004683452192693949], [-0.3696679472923279, -0.05110109969973564, 0.0, 0.0, 0.07263243198394775, 0.0, 0.0, 0.0, -0.27947577834129333, 0.06261781603097916, 0.018001614138484, 0.06261781603097916, 0.018001597374677658, 0.06261781603097916, 0.018001614138484, -0.020359618589282036, 0.024492161348462105, -0.020359618589282036, 0.024492161348462105, -0.020359618589282036, 0.024492161348462105], [-0.06228066608309746, -0.010749940760433674, -0.006743247155100107, 0.0038932159077376127, 0.020359618589282036, -0.3268977403640747, -0.2867061495780945, 0.16552989184856415, 0.06261781603097916, -0.4037904441356659, 0.0, -0.09444727748632431, 0.0707428827881813, -0.09444724768400192, 0.0707428827881813, -0.007703567389398813, 0.015274923294782639, -0.007703567389398813, 0.015274923294782639, -0.0025385930202901363, 0.006066543981432915], [0.09454365074634552, 0.022758211940526962, 0.008111977018415928, -0.004683452192693949, -0.024492161348462105, 0.03274375945329666, -0.08242344856262207, 0.04758720099925995, 0.018001614138484, 0.0, -0.08028536289930344, 0.07074292749166489, -0.004342786502093077, 0.07074286788702011, -0.004342786502093077, 0.01527491956949234, -0.007727861870080233, 0.01527491956949234, -0.007727861870080233, 0.006066544447094202, -0.005046646576374769], [-0.06228067725896835, -0.010749940760433674, 0.0, -0.0077864318154752254, 0.020359618589282036, -0.3268977403640747, 0.0, -0.3310597836971283, 0.06261781603097916, -0.09444727748632431, 0.07074292749166489, -0.4037904441356659, 0.0, -0.09444727748632431, 0.0707428827881813, -0.007703567389398813, 0.015274923294782639, -0.0025385937187820673, 0.006066546309739351, -0.007703567389398813, 0.015274923294782639], [0.09454365074634552, 0.022758211940526962, 0.0, 0.009366904385387897, -0.024492161348462105, 0.03274368867278099, 0.0, -0.09517434984445572, 0.018001597374677658, 0.0707428827881813, -0.004342786502093077, 0.0, -0.08028536289930344, 0.07074292749166489, -0.004342786502093077, 0.01527491956949234, -0.007727861870080233, 0.006066545844078064, -0.005046647507697344, 0.01527491956949234, -0.007727861870080233], [-0.06228066608309746, -0.010749940760433674, 0.006743247155100107, 0.0038932159077376127, 0.020359618589282036, -0.3268977403640747, 0.2867061495780945, 0.16552989184856415, 0.06261781603097916, -0.09444724768400192, 0.07074286788702011, -0.09444727748632431, 0.07074292749166489, -0.4037904441356659, 0.0, -0.0025385930202901363, 0.006066543981432915, -0.007703567389398813, 0.015274923294782639, -0.007703567389398813, 0.015274923294782639], [0.09454365074634552, 0.022758211940526962, -0.008111977018415928, -0.004683452192693949, -0.024492161348462105, 0.03274375945329666, 0.08242344856262207, 0.04758720099925995, 0.018001614138484, 0.0707428827881813, -0.004342786502093077, 0.0707428827881813, -0.004342786502093077, 0.0, -0.08028536289930344, 0.006066544447094202, -0.005046646576374769, 0.01527491956949234, -0.007727861870080233, 0.01527491956949234, -0.007727861870080233], [-0.06228066608309746, -0.3268977403640747, -0.2867061495780945, -0.16552989184856415, -0.06261781603097916, -0.010749940760433674, -0.006743247155100107, -0.0038932159077376127, -0.020359618589282036, -0.007703567389398813, 0.01527491956949234, -0.007703567389398813, 0.01527491956949234, -0.0025385930202901363, 0.006066544447094202, -0.4037904441356659, 0.0, -0.09444727748632431, 0.0707428827881813, -0.09444724768400192, 0.0707428827881813], [0.09454365074634552, 0.03274375945329666, -0.08242344856262207, -0.04758720099925995, -0.018001614138484, 0.022758211940526962, 0.008111977018415928, 0.004683452192693949, 0.024492161348462105, 0.015274923294782639, -0.007727861870080233, 0.015274923294782639, -0.007727861870080233, 0.006066543981432915, -0.005046646576374769, 0.0, -0.08028536289930344, 0.07074292749166489, -0.004342786502093077, 0.07074286788702011, -0.004342786502093077], [-0.06228067725896835, -0.3268977403640747, 0.0, 0.3310597836971283, -0.06261781603097916, -0.010749940760433674, 0.0, 0.0077864318154752254, -0.020359618589282036, -0.007703567389398813, 0.01527491956949234, -0.0025385937187820673, 0.006066545844078064, -0.007703567389398813, 0.01527491956949234, -0.09444727748632431, 0.07074292749166489, -0.4037904441356659, 0.0, -0.09444727748632431, 0.0707428827881813], [0.09454365074634552, 0.03274368867278099, 0.0, 0.09517434984445572, -0.018001597374677658, 0.022758211940526962, 0.0, -0.009366904385387897, 0.024492161348462105, 0.015274923294782639, -0.007727861870080233, 0.006066546309739351, -0.005046647507697344, 0.015274923294782639, -0.007727861870080233, 0.0707428827881813, -0.004342786502093077, 0.0, -0.08028536289930344, 0.07074292749166489, -0.004342786502093077], [-0.06228066608309746, -0.3268977403640747, 0.2867061495780945, -0.16552989184856415, -0.06261781603097916, -0.010749940760433674, 0.006743247155100107, -0.0038932159077376127, -0.020359618589282036, -0.0025385930202901363, 0.006066544447094202, -0.007703567389398813, 0.01527491956949234, -0.007703567389398813, 0.01527491956949234, -0.09444724768400192, 0.07074286788702011, -0.09444727748632431, 0.07074292749166489, -0.4037904441356659, 0.0], [0.09454365074634552, 0.03274375945329666, 0.08242344856262207, -0.04758720099925995, -0.018001614138484, 0.022758211940526962, -0.008111977018415928, 0.004683452192693949, 0.024492161348462105, 0.006066543981432915, -0.005046646576374769, 0.015274923294782639, -0.007727861870080233, 0.015274923294782639, -0.007727861870080233, 0.0707428827881813, -0.004342786502093077, 0.0707428827881813, -0.004342786502093077, 0.0, -0.08028536289930344]], "ovlp": [[1.0, 0.1805887371301651, 0.0, 0.0, -0.29672500491142273, 0.1805887371301651, 0.0, 0.0, 0.29672500491142273, 0.048521969467401505, -0.07841970771551132, 0.0485219806432724, -0.07841970771551132, 0.048521969467401505, -0.07841970771551132, 0.048521969467401505, -0.07841970771551132, 0.0485219806432724, -0.07841970771551132, 0.048521969467401505, -0.07841970771551132], [0.1805887371301651, 1.0, 0.0, 0.0, 0.0, 0.038289740681648254, 0.0, 0.0, 0.0725845918059349, 0.016075266525149345, -0.040704190731048584, 0.016075266525149345, -0.040704190731048584, 0.016075266525149345, -0.040704190731048584, 0.46415242552757263, -0.055606573820114136, 0.464152455329895, -0.055606454610824585, 0.46415242552757263, -0.055606573820114136], [0.0, 0.0, 1.0, 0.0, 0.0, 0.0, 0.02501155436038971, 0.0, 0.0, 0.009882787242531776, -0.017493700608611107, 0.0, 0.0, -0.009882787242531776, 0.017493700608611107, 0.42200303077697754, 0.17851468920707703, 0.0, 0.0, -0.42200303077697754, -0.17851468920707703], [0.0, 0.0, 0.0, 1.0, 0.0, 0.0, 0.0, 0.02501155436038971, 0.0, -0.00570583064109087, 0.010099993087351322, 0.01141166128218174, -0.020199986174702644, -0.00570583064109087, 0.010099993087351322, 0.24364358186721802, 0.10306550562381744, -0.4872871935367584, -0.20613089203834534, 0.24364358186721802, 0.10306550562381744], [-0.29672500491142273, 0.0, 0.0, 0.0, 1.0, -0.0725845992565155, 0.0, 0.0, -0.11357752978801727, -0.02983870916068554, 0.052818018943071365, -0.02983870916068554, 0.052818018943071365, -0.02983870916068554, 0.052818018943071365, 0.0921672135591507, 0.03898832947015762, 0.09216722100973129, 0.03898829221725464, 0.0921672135591507, 0.03898832947015762], [0.1805887371301651, 0.038289740681648254, 0.0, 0.0, -0.0725845992565155, 1.0, 0.0, 0.0, 0.0, 0.46415242552757263, -0.055606573820114136, 0.464152455329895, -0.055606454610824585, 0.46415242552757263, -0.055606573820114136, 0.016075266525149345, -0.040704190731048584, 0.016075266525149345, -0.040704190731048584, 0.016075266525149345, -0.040704190731048584], [0.0, 0.0, 0.02501155436038971, 0.0, 0.0, 0.0, 1.0, 0.0, 0.0, 0.42200303077697754, 0.17851468920707703, 0.0, 0.0, -0.42200303077697754, -0.17851468920707703, 0.009882787242531776, -0.017493700608611107, 0.0, 0.0, -0.009882787242531776, 0.017493700608611107], [0.0, 0.0, 0.0, 0.02501155436038971, 0.0, 0.0, 0.0, 1.0, 0.0, -0.24364358186721802, -0.10306550562381744, 0.4872871935367584, 0.20613089203834534, -0.24364358186721802, -0.10306550562381744, 0.00570583064109087, -0.010099993087351322, -0.01141166128218174, 0.020199986174702644, 0.00570583064109087, -0.010099993087351322], [0.29672500491142273, 0.0725845918059349, 0.0, 0.0, -0.11357752978801727, 0.0, 0.0, 0.0, 1.0, -0.0921672135591507, -0.03898832947015762, -0.09216722100973129, -0.03898829221725464, -0.0921672135591507, -0.03898832947015762, 0.02983870916068554, -0.052818018943071365, 0.02983870916068554, -0.052818018943071365, 0.02983870916068554, -0.052818018943071365], [0.048521969467401505, 0.016075266525149345, 0.009882787242531776, -0.00570583064109087, -0.02983870916068554, 0.46415242552757263, 0.42200303077697754, -0.24364358186721802, -0.0921672135591507, 1.0, 0.0, 0.13170140981674194, -0.12437455356121063, 0.13170136511325836, -0.12437455356121063, 0.010742191225290298, -0.026855163276195526, 0.010742191225290298, -0.026855163276195526, 0.0035399249754846096, -0.010665718466043472], [-0.07841970771551132, -0.040704190731048584, -0.017493700608611107, 0.010099993087351322, 0.052818018943071365, -0.055606573820114136, 0.17851468920707703, -0.10306550562381744, -0.03898832947015762, 0.0, 1.0, -0.1243746280670166, 0.01897960901260376, -0.12437452375888824, 0.01897960901260376, -0.02685515768826008, 0.03377366065979004, -0.02685515768826008, 0.03377366065979004, -0.010665719397366047, 0.022055741399526596], [0.0485219806432724, 0.016075266525149345, 0.0, 0.01141166128218174, -0.02983870916068554, 0.464152455329895, 0.0, 0.4872871935367584, -0.09216722100973129, 0.13170140981674194, -0.1243746280670166, 1.0, 0.0, 0.13170140981674194, -0.12437455356121063, 0.010742191225290298, -0.026855163276195526, 0.003539926139637828, -0.01066572219133377, 0.010742191225290298, -0.026855163276195526], [-0.07841970771551132, -0.040704190731048584, 0.0, -0.020199986174702644, 0.052818018943071365, -0.055606454610824585, 0.0, 0.20613089203834534, -0.03898829221725464, -0.12437455356121063, 0.01897960901260376, 0.0, 1.0, -0.1243746280670166, 0.01897960901260376, -0.02685515768826008, 0.03377366065979004, -0.010665721260011196, 0.022055745124816895, -0.02685515768826008, 0.03377366065979004], [0.048521969467401505, 0.016075266525149345, -0.009882787242531776, -0.00570583064109087, -0.02983870916068554, 0.46415242552757263, -0.42200303077697754, -0.24364358186721802, -0.0921672135591507, 0.13170136511325836, -0.12437452375888824, 0.13170140981674194, -0.1243746280670166, 1.0, 0.0, 0.0035399249754846096, -0.010665718466043472, 0.010742191225290298, -0.026855163276195526, 0.010742191225290298, -0.026855163276195526], [-0.07841970771551132, -0.040704190731048584, 0.017493700608611107, 0.010099993087351322, 0.052818018943071365, -0.055606573820114136, -0.17851468920707703, -0.10306550562381744, -0.03898832947015762, -0.12437455356121063, 0.01897960901260376, -0.12437455356121063, 0.01897960901260376, 0.0, 1.0, -0.010665719397366047, 0.022055741399526596, -0.02685515768826008, 0.03377366065979004, -0.02685515768826008, 0.03377366065979004], [0.048521969467401505, 0.46415242552757263, 0.42200303077697754, 0.24364358186721802, 0.0921672135591507, 0.016075266525149345, 0.009882787242531776, 0.00570583064109087, 0.02983870916068554, 0.010742191225290298, -0.02685515768826008, 0.010742191225290298, -0.02685515768826008, 0.0035399249754846096, -0.010665719397366047, 1.0, 0.0, 0.13170140981674194, -0.12437455356121063, 0.13170136511325836, -0.12437455356121063], [-0.07841970771551132, -0.055606573820114136, 0.17851468920707703, 0.10306550562381744, 0.03898832947015762, -0.040704190731048584, -0.017493700608611107, -0.010099993087351322, -0.052818018943071365, -0.026855163276195526, 0.03377366065979004, -0.026855163276195526, 0.03377366065979004, -0.010665718466043472, 0.022055741399526596, 0.0, 1.0, -0.1243746280670166, 0.01897960901260376, -0.12437452375888824, 0.01897960901260376], [0.0485219806432724, 0.464152455329895, 0.0, -0.4872871935367584, 0.09216722100973129, 0.016075266525149345, 0.0, -0.01141166128218174, 0.02983870916068554, 0.010742191225290298, -0.02685515768826008, 0.003539926139637828, -0.010665721260011196, 0.010742191225290298, -0.02685515768826008, 0.13170140981674194, -0.1243746280670166, 1.0, 0.0, 0.13170140981674194, -0.12437455356121063], [-0.07841970771551132, -0.055606454610824585, 0.0, -0.20613089203834534, 0.03898829221725464, -0.040704190731048584, 0.0, 0.020199986174702644, -0.052818018943071365, -0.026855163276195526, 0.03377366065979004, -0.01066572219133377, 0.022055745124816895, -0.026855163276195526, 0.03377366065979004, -0.12437455356121063, 0.01897960901260376, 0.0, 1.0, -0.1243746280670166, 0.01897960901260376], [0.048521969467401505, 0.46415242552757263, -0.42200303077697754, 0.24364358186721802, 0.0921672135591507, 0.016075266525149345, -0.009882787242531776, 0.00570583064109087, 0.02983870916068554, 0.0035399249754846096, -0.010665719397366047, 0.010742191225290298, -0.02685515768826008, 0.010742191225290298, -0.02685515768826008, 0.13170136511325836, -0.12437452375888824, 0.13170140981674194, -0.1243746280670166, 1.0, 0.0], [-0.07841970771551132, -0.055606573820114136, -0.17851468920707703, 0.10306550562381744, 0.03898832947015762, -0.040704190731048584, 0.017493700608611107, -0.010099993087351322, -0.052818018943071365, -0.010665718466043472, 0.022055741399526596, -0.026855163276195526, 0.03377366065979004, -0.026855163276195526, 0.03377366065979004, -0.12437455356121063, 0.01897960901260376, -0.12437455356121063, 0.01897960901260376, 0.0, 1.0]]},"PTB:HE/b3+ne6": {"numbers": [5, 2, 2, 2, 2, 2, 2], "positions": [[0.0, 0.0, 0.0], [-3.93361416932971, 0.0, -0.0], [3.93361416932971, -0.0, -0.0], [0.0, 0.0, -3.93361416932971], [-0.0, -0.0, 3.93361416932971], [0.0, 3.93361416932971, -0.0], [-0.0, -3.93361416932971, -0.0]], "unpaired_e": 0, "charges": 3, "egfn1": [84.52273554490115, -852.4998919022785, -852.4998919022395, -852.4998919054015, -852.4998919054159, -852.4998918893245, -852.499891889341], "ggfn1": [[-2.580428910844523e-15, -9.49002161576562e-16, 9.473373183187337e-16], [-0.03421368449926376, 1.781408755655912e-16, -1.9658501799205358e-16], [0.03421368449926376, 1.866925202010706e-16, -1.6469592159382368e-16], [3.9054455148497405e-16, 1.7864231907036574e-16, -0.03421368449926376], [4.463945158951336e-16, 1.990388724402493e-16, 0.03421368449926376], [4.847481677468083e-16, 0.03421368449926376, -1.2731805169738592e-16], [4.2965714485738863e-16, -0.03421368449926376, -1.5546665060054083e-16]], "egfn2": [], "ggfn2": [], "eref": -11168.043047442277, "gref": [[-2.7989999207278515e-09, 1.0120000393243345e-09, -1.3880000482302535e-09], [-0.029145123437047005, -2.921999975313838e-09, 5.906000133393263e-09], [0.02914511412382126, 4.958999877402448e-09, 1.744000055481365e-09], [-2.484999983565217e-09, 4.468000192048294e-09, -0.029145127162337303], [2.1869999144996655e-09, 5.500000108127345e-11, 0.029145117849111557], [1.5729999525149196e-09, 0.029145115986466408, 9.172000048351947e-09], [-3.883000143645177e-09, -0.029145127162337303, -2.4649999819104096e-09]], "edisp": [-0.1796056846675104, -0.05494529936696619, -0.05494529936696619, -0.05494529936696619, -0.05494529936696619, -0.05494529936696619, -0.05494529936696619], "erep": [0.0639972857025435, 0.0106667891856766, 0.0106667891856766, 0.0106667891856766, 0.0106667891856766, 0.0106667891856766, 0.0106667891856766], "qat": [1.3674343824386597, 0.27209433913230896, 0.2720943093299866, 0.2720942795276642, 0.2720942199230194, 0.2720943093299866, 0.27209436893463135], "cn": [0.1948661506175995, 0.03284408524632454, 0.03284408524632454, 0.03284408524632454, 0.03284408524632454, 0.03284408524632454, 0.03284408524632454], "h0": [[-0.4592898488044739, 0.0, 0.0, 0.0, -0.05059109255671501, -0.05059109255671501, -0.05059109255671501, -0.05059109255671501, -0.05059109255671501, -0.05059109255671501], [0.0, -0.27947577834129333, 0.0, 0.0, 0.11450643092393875, -0.11450643092393875, 0.0, 0.0, 0.0, 0.0], [0.0, 0.0, -0.27947577834129333, 0.0, 0.0, 0.0, 0.0, 0.0, -0.11450643092393875, 0.11450643092393875], [0.0, 0.0, 0.0, -0.27947577834129333, 0.0, 0.0, 0.11450643092393875, -0.11450643092393875, 0.0, 0.0], [-0.05059109255671501, 0.11450643092393875, 0.0, 0.0, -0.8130925893783569, -7.52004552850849e-07, -0.00039734935853630304, -0.00039734935853630304, -0.00039734935853630304, -0.00039734935853630304], [-0.05059109255671501, -0.11450643092393875, 0.0, 0.0, -7.52004552850849e-07, -0.8130925893783569, -0.00039734935853630304, -0.00039734935853630304, -0.00039734935853630304, -0.00039734935853630304], [-0.05059109255671501, 0.0, 0.0, 0.11450643092393875, -0.00039734935853630304, -0.00039734935853630304, -0.8130925893783569, -7.52004552850849e-07, -0.00039734935853630304, -0.00039734935853630304], [-0.05059109255671501, 0.0, 0.0, -0.11450643092393875, -0.00039734935853630304, -0.00039734935853630304, -7.52004552850849e-07, -0.8130925893783569, -0.00039734935853630304, -0.00039734935853630304], [-0.05059109255671501, 0.0, -0.11450643092393875, 0.0, -0.00039734935853630304, -0.00039734935853630304, -0.00039734935853630304, -0.00039734935853630304, -0.8130925893783569, -7.52004552850849e-07], [-0.05059109255671501, 0.0, 0.11450643092393875, 0.0, -0.00039734935853630304, -0.00039734935853630304, -0.00039734935853630304, -0.00039734935853630304, -7.52004552850849e-07, -0.8130925893783569]], "ovlp": [[1.0, 0.0, 0.0, 0.0, 0.04312604293227196, 0.04312604293227196, 0.04312604293227196, 0.04312604293227196, 0.04312604293227196, 0.04312604293227196], [0.0, 1.0, 0.0, 0.0, -0.09092238545417786, 0.09092238545417786, 0.0, 0.0, 0.0, 0.0], [0.0, 0.0, 1.0, 0.0, 0.0, 0.0, 0.0, 0.0, 0.09092238545417786, -0.09092238545417786], [0.0, 0.0, 0.0, 1.0, 0.0, 0.0, -0.09092238545417786, 0.09092238545417786, 0.0, 0.0], [0.04312604293227196, -0.09092238545417786, 0.0, 0.0, 1.0, 3.519979827615316e-07, 0.0001958921056939289, 0.0001958921056939289, 0.0001958921056939289, 0.0001958921056939289], [0.04312604293227196, 0.09092238545417786, 0.0, 0.0, 3.519979827615316e-07, 1.0, 0.0001958921056939289, 0.0001958921056939289, 0.0001958921056939289, 0.0001958921056939289], [0.04312604293227196, 0.0, 0.0, -0.09092238545417786, 0.0001958921056939289, 0.0001958921056939289, 1.0, 3.519979827615316e-07, 0.0001958921056939289, 0.0001958921056939289], [0.04312604293227196, 0.0, 0.0, 0.09092238545417786, 0.0001958921056939289, 0.0001958921056939289, 3.519979827615316e-07, 1.0, 0.0001958921056939289, 0.0001958921056939289], [0.04312604293227196, 0.0, 0.09092238545417786, 0.0, 0.0001958921056939289, 0.0001958921056939289, 0.0001958921056939289, 0.0001958921056939289, 1.0, 3.519979827615316e-07], [0.04312604293227196, 0.0, -0.09092238545417786, 0.0, 0.0001958921056939289, 0.0001958921056939289, 0.0001958921056939289, 0.0001958921056939289, 3.519979827615316e-07, 1.0]]},"PTB:HE/bh3he": {"numbers": [2, 5, 1, 1, 1], "positions": [[-0.0, 0.0, 2.35568885084983], [-0.0, 0.0, -0.22696423203701], [1.08312226989566, 1.87602280226862, -0.70957487198506], [1.08312226989566, -1.87602280226862, -0.70957487198506], [-2.16624453979133, 0.0, -0.70957487198506]], "unpaired_e": 0, "charges": 0, "egfn1": [-965.9466339944237, -904.8907525126874, -335.74327896015467, -335.74327896015444, -335.74327896015467], "ggfn1": [[7.602205404902071e-17, -1.7130817841744597e-17, -0.0011325562372803688], [1.1706401906869113e-15, 6.521135269087937e-17, 0.017725840210914612], [-0.002972855232656002, -0.005149136297404766, -0.005531094968318939], [-0.002972855232656002, 0.005149136297404766, -0.005531094968318939], [0.005945710465312004, 1.9850111239786122e-17, -0.005531094968318939]], "egfn2": [], "ggfn2": [], "eref": -4678.236556176755, "gref": [[6.719787052134052e-06, -1.2900000512239274e-10, -0.024533648043870926], [5.373348176362924e-05, 8.1399997853282e-10, 0.048935312777757645], [-0.006914793513715267, -0.011970486491918564, -0.008113016374409199], [-0.00691479304805398, 0.011970486491918564, -0.00811301451176405], [0.013788669370114803, 3.0700000874794853e-10, -0.008155996911227703]], "edisp": [-0.0433013781911379, -0.08167926134100635, -0.051593361691312095, -0.051593361691312095, -0.051593361691312095], "erep": [1.4482332197855914, 13.817197630213517, 4.123256626278545, 4.123256626278545, 4.123261009382523], "qat": [0.05029742419719696, -0.32558831572532654, 0.09176367521286011, 0.09176364541053772, 0.09176360070705414], "cn": [0.9622939229011536, 3.895160675048828, 0.9788186550140381, 0.9788186550140381, 0.9788186550140381], "h0": [[-0.8176260590553284, -0.22435833513736725, 0.0, 0.0, -0.38319966197013855, -0.06142433360219002, 0.09381183981895447, -0.06142433360219002, 0.09381183981895447, -0.06142433360219002, 0.09381183981895447], [-0.22435833513736725, -0.4592898488044739, 0.0, 0.0, 0.0, -0.32550889253616333, 0.033182542771101, -0.32550889253616333, 0.033182542771101, -0.3255089223384857, 0.033182542771101], [0.0, 0.0, -0.27947577834129333, 0.0, 0.0, -0.16406656801700592, -0.04708860069513321, -0.16406656801700592, -0.04708860069513321, 0.32813313603401184, 0.09417741745710373], [0.0, 0.0, 0.0, -0.27947577834129333, 0.0, -0.2841716408729553, -0.08155985921621323, 0.2841716408729553, 0.08155985921621323, 0.0, 0.0], [-0.38319966197013855, 0.0, 0.0, 0.0, -0.27947577834129333, 0.07310373336076736, 0.020981483161449432, 0.07310373336076736, 0.020981483161449432, 0.07310374081134796, 0.02098141424357891], [-0.06142433360219002, -0.32550889253616333, -0.16406656801700592, -0.2841716408729553, 0.07310373336076736, -0.4037870466709137, 0.0, -0.09550409764051437, 0.07090144604444504, -0.09550411254167557, 0.07090140879154205], [0.09381183981895447, 0.033182542771101, -0.04708860069513321, -0.08155985921621323, 0.020981483161449432, 0.0, -0.08028468489646912, 0.07090142369270325, -0.00435057794675231, 0.07090141624212265, -0.004350564442574978], [-0.06142433360219002, -0.32550889253616333, -0.16406656801700592, 0.2841716408729553, 0.07310373336076736, -0.09550409764051437, 0.07090142369270325, -0.4037870466709137, 0.0, -0.09550411254167557, 0.07090140879154205], [0.09381183981895447, 0.033182542771101, -0.04708860069513321, 0.08155985921621323, 0.020981483161449432, 0.07090144604444504, -0.00435057794675231, 0.0, -0.08028468489646912, 0.07090141624212265, -0.004350564442574978], [-0.06142433360219002, -0.3255089223384857, 0.32813313603401184, 0.0, 0.07310374081134796, -0.09550411254167557, 0.07090141624212265, -0.09550411254167557, 0.07090141624212265, -0.4037870466709137, 0.0], [0.09381183981895447, 0.033182542771101, 0.09417741745710373, 0.0, 0.02098141424357891, 0.07090140879154205, -0.004350564442574978, 0.07090140879154205, -0.004350564442574978, 0.0, -0.08028468489646912]], "ovlp": [[1.0, 0.19040121138095856, 0.0, 0.0, 0.3091309666633606, 0.04802470654249191, -0.07819252461194992, 0.04802470654249191, -0.07819252461194992, 0.04802470654249191, -0.07819252461194992], [0.19040121138095856, 1.0, 0.0, 0.0, 0.0, 0.46223559975624084, -0.05635830760002136, 0.46223559975624084, -0.05635830760002136, 0.4622356593608856, -0.05635830760002136], [0.0, 0.0, 1.0, 0.0, 0.0, 0.2414885312318802, 0.10198481380939484, 0.2414885312318802, 0.10198481380939484, -0.4829770624637604, -0.20397010445594788], [0.0, 0.0, 0.0, 1.0, 0.0, 0.41827040910720825, 0.17664289474487305, -0.41827040910720825, -0.17664289474487305, 0.0, 0.0], [0.3091309666633606, 0.0, 0.0, 0.0, 1.0, -0.10760091990232468, -0.04544183984398842, -0.10760091990232468, -0.04544183984398842, -0.10760092735290527, -0.04544169083237648], [0.04802470654249191, 0.46223559975624084, 0.2414885312318802, 0.41827040910720825, -0.10760091990232468, 1.0, 0.0, 0.13317620754241943, -0.1246543824672699, 0.13317622244358063, -0.12465430796146393], [-0.07819252461194992, -0.05635830760002136, 0.10198481380939484, 0.17664289474487305, -0.04544183984398842, 0.0, 1.0, -0.12465433776378632, 0.019013822078704834, -0.12465432286262512, 0.01901376247406006], [0.04802470654249191, 0.46223559975624084, 0.2414885312318802, -0.41827040910720825, -0.10760091990232468, 0.13317620754241943, -0.12465433776378632, 1.0, 0.0, 0.13317622244358063, -0.12465430796146393], [-0.07819252461194992, -0.05635830760002136, 0.10198481380939484, -0.17664289474487305, -0.04544183984398842, -0.1246543824672699, 0.019013822078704834, 0.0, 1.0, -0.12465432286262512, 0.01901376247406006], [0.04802470654249191, 0.4622356593608856, -0.4829770624637604, 0.0, -0.10760092735290527, 0.13317622244358063, -0.12465432286262512, 0.13317622244358063, -0.12465432286262512, 1.0, 0.0], [-0.07819252461194992, -0.05635830760002136, -0.20397010445594788, 0.0, -0.04544169083237648, -0.12465430796146393, 0.01901376247406006, -0.12465430796146393, 0.01901376247406006, 0.0, 1.0]]},"PTB:HE/bheS": {"numbers": [2, 6, 6, 6, 6, 6, 6, 1, 1, 1, 1, 1, 1], "positions": [[0.0, 0.0, 5.53407237579004], [-2.26247214879755, 1.30623890414229, -0.46114565627605], [-2.26247214879755, -1.30623890414229, -0.46114565627605], [0.0, -2.61247780828459, -0.46114565627605], [2.26247214879755, -1.30623890414229, -0.46114565627605], [2.26247214879755, 1.30623890414229, -0.46114565627605], [0.0, 2.61247780828459, -0.46114565627605], [4.06223609159067, 2.34533310099169, -0.46119973968896], [-0.0, 4.69066620198337, -0.46119973968896], [-4.06223609159067, 2.34533310099169, -0.46119973968896], [-4.06223609159067, -2.34533310099169, -0.46119973968896], [-0.0, -4.69066620198337, -0.46119973968896], [4.06223609159067, -2.34533310099169, -0.46119973968896]], "unpaired_e": 0, "charges": 0, "egfn1": [-1020.336841988213, -1336.981527201137, -1336.9815272011376, -1336.9815272011388, -1336.9815272011385, -1336.9815272011388, -1336.9815272011372, -325.27553485339894, -325.2755348533988, -325.27553485339877, -325.27553485339877, -325.27553485339894, -325.2755348533987], "ggfn1": [[2.82217481390842e-19, -6.058539640037454e-19, 8.013779006432742e-05], [0.01269212830811739, -0.007327803876250982, -4.820109097636305e-06], [0.01269212830811739, 0.007327803876250982, -4.820109097636305e-06], [2.254530655047826e-16, 0.014655607752501965, -4.820109097636305e-06], [-0.01269212830811739, 0.007327803876250982, -4.820109097636305e-06], [-0.01269212830811739, -0.007327803876250982, -4.820109097636305e-06], [-7.925509939935157e-17, -0.014655607752501965, -4.820109097636305e-06], [0.007914382964372635, 0.004569371230900288, -8.536189852748066e-06], [-3.313030406842287e-17, 0.009138742461800575, -8.536189852748066e-06], [-0.007914382964372635, 0.004569371230900288, -8.536189852748066e-06], [-0.007914382964372635, -0.004569371230900288, -8.536189852748066e-06], [-3.597976260765574e-17, -0.009138742461800575, -8.536189852748066e-06], [0.007914382964372635, -0.004569371230900288, -8.536189852748066e-06]], "egfn2": [], "ggfn2": [], "eref": -25533.570322847347, "gref": [[3.744000220962107e-09, 4.097000072533774e-09, 1.8638082110555843e-05], [0.012336400337517262, -0.007167537230998278, -3.0048789994907565e-05], [0.012336398474872112, 0.007167549803853035, -3.0028115361346863e-05], [2.7528999524406572e-08, 0.01435433141887188, -2.0359395421110094e-05], [-0.012336415238678455, 0.007167527452111244, -3.0050294299144298e-05], [-0.012336398474872112, -0.007167529314756393, -3.0034552764846012e-05], [-8.10199995981975e-09, -0.014354352839291096, -2.0370775018818676e-05], [0.010666214860975742, 0.00613697012886405, 1.6008309557946632e-06], [5.678999936975515e-09, 0.012334093451499939, -6.4431651480845176e-06], [-0.010666219517588615, 0.006136950105428696, 1.6186639868465136e-06], [-0.010666214860975742, -0.0061369724571704865, 1.6122500028359354e-06], [2.8469999691083103e-09, -0.012334097176790237, -6.4472869780729525e-06], [0.010666203685104847, -0.006136959418654442, 1.6075099438239704e-06]], "edisp": [-0.09756336534511784, -0.35338027043188563, -0.35338030695775213, -0.35338027043188563, -0.35338023390601914, -0.35338023390601914, -0.35338027043188563, -0.14915655353856414, -0.14915655353856414, -0.14915657180149738, -0.14915655353856414, -0.14915657180149738, -0.14915655353856414], "erep": [1.1982251045840753e-07, 25.83370160110523, 25.83370160110523, 25.833708614071593, 25.833699263449773, 25.83370160110523, 25.83370393876068, 4.821293110036034, 4.821298077553876, 4.821293110036034, 4.821293110036034, 4.821298077553876, 4.821293110036034], "qat": [-0.003777524223551154, -0.1009904220700264, -0.10099166631698608, -0.10099145025014877, -0.10099102556705475, -0.10098972916603088, -0.10099311918020248, 0.10162042826414108, 0.10162096470594406, 0.10162079334259033, 0.1016215831041336, 0.1016213521361351, 0.10161972045898438], "cn": [0.0012136511504650116, 3.144813060760498, 3.144813060760498, 3.144813060760498, 3.144812822341919, 3.144813060760498, 3.144813060760498, 1.0007336139678955, 1.0007338523864746, 1.000733733177185, 1.0007336139678955, 1.0007338523864746, 1.0007336139678955], "h0": [[-0.8129382729530334, -0.0005067960009910166, -0.0005603478639386594, 0.0003235170152038336, -0.0014848393620923162, -0.0005067960009910166, -0.0005603478639386594, -0.0003235170152038336, -0.0014848393620923162, -0.0005067960009910166, 0.0, -0.0006470340304076672, -0.0014848393620923162, -0.0005067960009910166, 0.0005603478639386594, -0.0003235170152038336, -0.0014848393620923162, -0.0005067960009910166, 0.0005603478639386594, 0.0003235170152038336, -0.0014848393620923162, -0.0005067960009910166, 0.0, 0.0006470340304076672, -0.0014848393620923162, -0.0004529535071924329, 0.002087472705170512, -0.0004529537109192461, 0.0020874738693237305, -0.0004529535071924329, 0.002087472705170512, -0.0004529535071924329, 0.002087472705170512, -0.0004529537109192461, 0.0020874738693237305, -0.0004529535071924329, 0.002087472705170512], [-0.0005067960009910166, -0.5087423920631409, 0.0, 0.0, 0.0, -0.23415057361125946, 0.0, -0.30076438188552856, 0.0, -0.028489431366324425, 0.025803247466683388, -0.04469253495335579, 0.0, -0.01152192521840334, 0.01978866197168827, -0.011424989439547062, 0.0, -0.028489431366324425, 0.051606494933366776, 0.0, 0.0, -0.23415057361125946, 0.2604696452617645, 0.15038219094276428, 0.0, -0.0049257236532866955, 0.013535203412175179, -0.0623672753572464, 0.06959661841392517, -0.3509076237678528, 0.008692546747624874, -0.0623672753572464, 0.06959661841392517, -0.0049257222563028336, 0.013535200618207455, -0.0016124289250001311, 0.005139301996678114], [-0.0005603478639386594, 0.0, -0.3659476637840271, 0.0, 0.0, 0.0, -0.1553097516298294, 0.0, 0.0, -0.025803247466683388, 0.007570239249616861, -0.04042345657944679, 0.0, -0.01978866383433342, 0.026997452601790428, -0.019157778471708298, 0.0, -0.051606494933366776, 0.07758572697639465, 0.0, 0.0, -0.2604696452617645, 0.1665024757385254, 0.18579834699630737, 0.0, -0.008964354172348976, 0.017223015427589417, -0.04911671578884125, 0.016068045049905777, 0.30376267433166504, 0.11151879280805588, 0.039071645587682724, -0.012781871482729912, -0.0032067238353192806, 0.006161009427160025, -0.002848878735676408, 0.006849067285656929], [0.0003235170152038336, 0.0, 0.0, -0.3659476637840271, 0.0, 0.30076441168785095, 0.0, 0.2737732231616974, 0.0, 0.04469253495335579, -0.04042345657944679, 0.05424722656607628, 0.0, 0.011424991302192211, -0.019157778471708298, 0.004875953309237957, 0.0, 0.0, 0.0, -0.015768256038427353, 0.0, -0.15038220584392548, 0.18579833209514618, -0.048039015382528305, 0.0, -0.0014727648813277483, 0.002829591277986765, -0.07347358763217926, 0.024036141112446785, -0.17537745833396912, -0.064385324716568, 0.07927311956882477, -0.02593335136771202, 0.00849973876029253, -0.016330361366271973, 0.0016448009992018342, -0.003954311367124319], [-0.0014848393620923162, 0.0, 0.0, 0.0, -0.3659476637840271, 0.0, 0.0, 0.0, -0.1553097516298294, 0.0, 0.0, 0.0, -0.015768256038427353, 0.0, 0.0, 0.0, -0.006184795871376991, 0.0, 0.0, 0.0, -0.015768256038427353, 0.0, 0.0, 0.0, -0.1553097516298294, 7.662418965992401e-08, -1.4721638308401452e-07, 1.173636292151059e-06, -3.8394344414882653e-07, 9.124440111918375e-06, 3.349803591845557e-06, 1.173636292151059e-06, -3.8394344414882653e-07, 7.662416123821458e-08, -1.4721631202974095e-07, 2.435122858912564e-08, -5.8543452752246594e-08], [-0.0005067960009910166, -0.23415057361125946, 0.0, 0.30076441168785095, 0.0, -0.5087423920631409, 0.0, 0.0, 0.0, -0.23415057361125946, 0.2604696452617645, -0.15038219094276428, 0.0, -0.028489431366324425, 0.051606494933366776, 0.0, 0.0, -0.01152192521840334, 0.01978866197168827, 0.011424989439547062, 0.0, -0.028489431366324425, 0.025803247466683388, 0.04469253495335579, 0.0, -0.0016124289250001311, 0.005139301996678114, -0.0049257222563028336, 0.013535200618207455, -0.0623672753572464, 0.06959661841392517, -0.3509076237678528, 0.008692546747624874, -0.0623672753572464, 0.06959661841392517, -0.0049257236532866955, 0.013535203412175179], [-0.0005603478639386594, 0.0, -0.1553097516298294, 0.0, 0.0, 0.0, -0.3659476637840271, 0.0, 0.0, -0.2604696452617645, 0.1665024757385254, -0.18579834699630737, 0.0, -0.051606494933366776, 0.07758572697639465, 0.0, 0.0, -0.01978866383433342, 0.026997452601790428, 0.019157778471708298, 0.0, -0.025803247466683388, 0.007570239249616861, 0.04042345657944679, 0.0, -0.002848878735676408, 0.006849067285656929, -0.0032067238353192806, 0.006161009427160025, 0.039071645587682724, -0.012781871482729912, 0.30376267433166504, 0.11151879280805588, -0.04911671578884125, 0.016068045049905777, -0.008964354172348976, 0.017223015427589417], [-0.0003235170152038336, -0.30076438188552856, 0.0, 0.2737732231616974, 0.0, 0.0, 0.0, -0.3659476637840271, 0.0, 0.15038220584392548, -0.18579833209514618, -0.048039015382528305, 0.0, 0.0, 0.0, -0.015768256038427353, 0.0, -0.011424991302192211, 0.019157778471708298, 0.004875953309237957, 0.0, -0.04469253495335579, 0.04042345657944679, 0.05424722656607628, 0.0, -0.0016448009992018342, 0.003954311367124319, -0.00849973876029253, 0.016330361366271973, -0.07927311956882477, 0.02593335136771202, 0.17537745833396912, 0.064385324716568, 0.07347358763217926, -0.024036141112446785, 0.0014727648813277483, -0.002829591277986765], [-0.0014848393620923162, 0.0, 0.0, 0.0, -0.1553097516298294, 0.0, 0.0, 0.0, -0.3659476637840271, 0.0, 0.0, 0.0, -0.1553097516298294, 0.0, 0.0, 0.0, -0.015768256038427353, 0.0, 0.0, 0.0, -0.006184795871376991, 0.0, 0.0, 0.0, -0.015768256038427353, 2.435122858912564e-08, -5.8543452752246594e-08, 7.662416123821458e-08, -1.4721631202974095e-07, 1.173636292151059e-06, -3.8394344414882653e-07, 9.124440111