{
  "ACONF/B_G": {
    "xyz": [
      [
        1.115973904,
        2.716887402,
        -0.96758587014286
      ],
      [
        -0.650815962,
        3.774459325,
        -1.05036531714286
      ],
      [
        1.329698134,
        1.711163892,
        -2.74902867214286
      ],
      [
        2.656550341,
        4.074139631,
        -0.83322824214286
      ],
      [
        1.115973904,
        0.913769444,
        1.27837803585714
      ],
      [
        2.873834815,
        -0.169625584,
        1.29665735485714
      ],
      [
        1.087556205,
        2.009419345,
        3.02517271085714
      ],
      [
        -1.115973904,
        -0.913769444,
        1.27837803585714
      ],
      [
        -2.873834815,
        0.169625584,
        1.29665735485714
      ],
      [
        -1.087556205,
        -2.009419345,
        3.02517271085714
      ],
      [
        -1.115973904,
        -2.716887402,
        -0.96758587014286
      ],
      [
        0.650815962,
        -3.774459325,
        -1.05036531714286
      ],
      [
        -2.656550341,
        -4.074139631,
        -0.83322824214286
      ],
      [
        -1.329698134,
        -1.711163892,
        -2.74902867214286
      ]
    ],
    "numbers": [
      6,
      1,
      1,
      1,
      6,
      1,
      1,
      6,
      1,
      1,
      6,
      1,
      1,
      1
    ],
    "unpaired_e": 0,
    "charges": 0,
    "egfn1": -13.8651163478,
    "h0": [
      [
        -0.5113542280010643,
        0.0,
        0.0,
        0.0,
        -0.3562721008826959,
        0.007102226163452052,
        -0.3572607150688634,
        0.006733862872598649,
        -0.3570847189077367,
        0.006799240877935811,
        -0.18262082207694968,
        0.0,
        -0.1561111606882243,
        0.1944520771222434,
        -0.06272965208028754,
        0.0699728393314423,
        -0.06353320916314853,
        0.07026502150253282,
        -0.019757755039046105,
        -0.01718173316024246,
        -0.027949120002173228,
        0.017289630331905986,
        -0.01857814240483987,
        0.037111406461942685,
        -0.004079764367192331,
        0.011582893989338847,
        -0.004756130126053558,
        -0.003865219279128422,
        -0.009410045815400652,
        0.0,
        -0.004384019250167648,
        0.01230612631035009,
        -0.0008708185520302331,
        0.002940380087304418,
        -0.01637825948143465,
        0.03408019121447419
      ],
      [
        0.0,
        -0.36498145021176065,
        0.0,
        0.0,
        0.30252369321907446,
        0.1109158882111844,
        -0.03672487527563577,
        -0.013462555823192921,
        -0.26455586232944467,
        -0.09698345223869795,
        0.0,
        -0.11602994563033071,
        0.0,
        0.0,
        -0.03824084629967297,
        0.012429407995540176,
        0.0006271738749561102,
        -0.00019893246863258283,
        0.017182408445431986,
        0.004061241559907786,
        0.0239983330986578,
        -0.014845630482300491,
        0.02274942626018137,
        -0.025798513374315286,
        0.0025596920383097682,
        -0.0051542638901024805,
        0.003865219279128422,
        0.0005192553641662575,
        0.007335332302853611,
        0.0,
        0.0005819967355967621,
        -0.0011516807059043796,
        0.0009048760616420639,
        -0.002360181251874067,
        0.01218527618086704,
        -0.01483399230216457
      ],
      [
        0.0,
        0.0,
        -0.36498145021176065,
        0.0,
        -0.18108580434361551,
        -0.06639246208284241,
        0.17281648630351656,
        0.06335083717963386,
        -0.23307446824312045,
        -0.08544269765894631,
        0.15611729624822573,
        0.0,
        0.028774141340016338,
        -0.18036798498608514,
        0.06279376186642793,
        -0.020409832975357048,
        0.015613701964974707,
        -0.004952489892222004,
        0.027950218472660573,
        0.0239983330986578,
        0.0283457786072739,
        -0.024149036886327833,
        0.01452419125207855,
        -0.016470856802384894,
        0.005490231198336506,
        -0.011055275396561334,
        0.009410045815400654,
        0.007335332302853611,
        0.015364422259760228,
        0.0,
        0.008121849083124385,
        -0.016071871736033784,
        0.001628892857155337,
        -0.00424862867495145,
        0.022062250016384115,
        -0.026857926078470304
      ],
      [
        0.0,
        0.0,
        0.0,
        -0.36498145021176065,
        0.014174149688649287,
        0.005196744709897329,
        0.30611065817913635,
        0.11221363702070812,
        -0.023072596258382712,
        -0.00845817596913086,
        -0.1944597195763852,
        0.0,
        -0.18036798498608514,
        0.1086364342253887,
        -0.0492567851133592,
        0.016009914475345402,
        -0.08811951562334543,
        0.027950514965066592,
        -0.01729030985772487,
        -0.014845630482300491,
        -0.024149036886327833,
        0.004247113782146387,
        -0.012910452081813887,
        0.014640829482548755,
        -0.004638117858673975,
        0.009339437338246563,
        0.0,
        0.0,
        0.0,
        -0.0024937658678240017,
        0.00010357206354762218,
        -0.00020495294898207738,
        -3.222696353438798e-05,
        8.405734040600454e-05,
        0.008875831348400785,
        -0.010805172730038178
      ],
      [
        -0.3562721008826959,
        0.30252369321907446,
        -0.18108580434361551,
        0.014174149688649287,
        -0.40383372367057185,
        0.0,
        -0.13410504008002275,
        0.0725066635346855,
        -0.13393914967199874,
        0.07251474425407796,
        -0.061390413879766605,
        0.03750686841584648,
        -0.06072907763962152,
        0.049436479230546,
        -0.015446009870305715,
        0.026205591488586602,
        -0.04009318467625701,
        0.04960359362471283,
        -0.01841626948309152,
        -0.0026273866309334507,
        -0.026480875587045632,
        0.013153616438838183,
        -0.03756657103482998,
        0.04776829700503408,
        -0.00396992621388006,
        0.008858373470597435,
        -0.004384019250167648,
        -0.0005819967355967622,
        -0.008121849083124385,
        0.00010357206354762218,
        -0.002083982874704238,
        0.0051217872743502795,
        -0.0012394223605084558,
        0.0032611748369769356,
        -0.015510374309203177,
        0.02628676636724286
      ],
      [
        0.007102226163452052,
        0.1109158882111844,
        -0.06639246208284241,
        0.005196744709897329,
        0.0,
        -0.08029396495792379,
        0.07250674269320297,
        -0.006167373827317043,
        0.07251466153304702,
        -0.0061536907300397325,
        0.06947168112786563,
        -0.012691946722968793,
        0.020550108566554284,
        -0.016728806937668827,
        0.026206039877916507,
        -0.008475639872067208,
        0.04960445331538805,
        -0.0068169270857235545,
        0.03689682160695945,
        0.0029948668559552022,
        0.030184631252439753,
        -0.014993350976528505,
        0.04776911434184917,
        -0.007032257160700691,
        0.008858526996995703,
        -0.006191698561777952,
        0.01230612631035009,
        0.0011516807059043794,
        0.016071871736033784,
        -0.00020495294898207738,
        0.00512178727435028,
        -0.004558830247960269,
        0.0032611711167990966,
        -0.003389357484417149,
        0.026286795065590732,
        -0.008475656167314093
      ],
      [
        -0.3572607150688634,
        -0.03672487527563577,
        0.17281648630351656,
        0.30611065817913635,
        -0.13410504008002275,
        0.07250674269320297,
        -0.40383438338304634,
        0.0,
        -0.13490323651621025,
        0.07246603374016741,
        -0.06012595173353459,
        -0.004431691115458399,
        -0.01653441863244731,
        0.08351052440886632,
        -0.041855831882417045,
        0.050823451225802695,
        -0.015444048635438355,
        0.02620313781701815,
        -0.015839021875947885,
        -0.01175708307823328,
        -0.01261884620123217,
        0.019360958673147327,
        -0.012075172293124098,
        0.021755320341909978,
        -0.0032035917342691468,
        0.0073943281824182415,
        -0.01637825948143465,
        -0.01218527618086704,
        -0.02206225001638411,
        0.008875831348400785,
        -0.015510374309203177,
        0.026286795065590732,
        -0.00320282197640489,
        0.007392876819201645,
        -0.05870100342959769,
        0.060297777968380845
      ],
      [
        0.006733862872598649,
        -0.013462555823192921,
        0.06335083717963386,
        0.11221363702070812,
        0.0725066635346855,
        -0.006167373827317043,
        0.0,
        -0.08029409612807428,
        0.0724658719607193,
        -0.0062338823726248195,
        0.0689768709380075,
        0.0015569901126993777,
        0.00580905249469084,
        -0.02933982929392306,
        0.05082426535071748,
        -0.006668526150583841,
        0.026203563341789974,
        -0.008475643614853073,
        0.03330313691211399,
        0.014570516606638549,
        0.015638496973119958,
        -0.02399397605600031,
        0.021755668833558856,
        -0.008365720648249697,
        0.007394448262304649,
        -0.005640343073946782,
        0.03408019121447419,
        0.01483399230216457,
        0.02685792607847032,
        -0.010805172730038174,
        0.02628676636724286,
        -0.008475656167314093,
        0.007392860314703332,
        -0.005639682382707059,
        0.06029777796838087,
        -0.005411236233045397
      ],
      [
        -0.3570847189077367,
        -0.26455586232944467,
        -0.23307446824312045,
        -0.023072596258382712,
        -0.13393914967199874,
        0.07251466153304702,
        -0.13490323651621025,
        0.0724658719607193,
        -0.403833034345073,
        0.0,
        -0.06071518071795377,
        -0.03229847199901347,
        -0.06625774972263612,
        0.044270218993959644,
        -0.040676800220011376,
        0.050012818195302684,
        -0.04462561654206528,
        0.05264448683139726,
        -0.003919001093177056,
        -0.0042040939235996845,
        -0.005558516492363915,
        0.0023531700648817826,
        -0.003935251098106055,
        0.008793472607809572,
        -0.0012173688686839415,
        0.003210248583046236,
        -0.0008708185520302331,
        -0.000904876061642064,
        -0.001628892857155337,
        -3.222696353438798e-05,
        -0.0012394223605084558,
        0.003261171116799097,
        -0.0001603284271306149,
        0.0005172184526467682,
        -0.00320282197640489,
        0.007392860314703333
      ],
      [
        0.006799240877935811,
        -0.09698345223869795,
        -0.08544269765894631,
        -0.00845817596913086,
        0.07251474425407796,
        -0.0061536907300397325,
        0.07246603374016741,
        -0.0062338823726248195,
        0.0,
        -0.08029382789983724,
        0.0692098293758607,
        0.011151326886330701,
        0.022876061317463257,
        -0.015284676109327074,
        0.050013730989924794,
        -0.006767575652233235,
        0.05264545927964331,
        -0.0064397677966656535,
        0.011195798129618248,
        0.008545980352799696,
        0.011299217761952729,
        -0.0047834671410140915,
        0.00879363309935545,
        -0.006169261233263121,
        0.0032103078827144783,
        -0.003352582905786677,
        0.002940380087304418,
        0.002360181251874067,
        0.00424862867495145,
        8.405734040600454e-05,
        0.003261174836976935,
        -0.003389357484417149,
        0.0005172184526467682,
        -0.0007868514750174379,
        0.0073928768192016445,
        -0.005639682382707059
      ],
      [
        -0.18262082207694968,
        0.0,
        0.15611729624822573,
        -0.1944597195763852,
        -0.061390413879766605,
        0.06947168112786563,
        -0.06012595173353459,
        0.0689768709380075,
        -0.06071518071795377,
        0.0692098293758607,
        -0.5113793692004152,
        0.0,
        0.0,
        0.0,
        -0.35523186062813744,
        0.0074956608849623295,
        -0.35593874469318915,
        0.007232019803903902,
        -0.18182452236193827,
        -0.1922914298048786,
        -0.1574499477711523,
        0.0,
        -0.06331097477550426,
        0.07018730262462265,
        -0.06347024372035573,
        0.07024474886815243,
        -0.019757755039046105,
        -0.01718240844543199,
        -0.027950218472660566,
        -0.01729030985772487,
        -0.01841626948309152,
        0.03689682160695946,
        -0.003919001093177056,
        0.011195798129618248,
        -0.015839021875947885,
        0.033303136912113986
      ],
      [
        0.0,
        -0.11602994563033071,
        0.0,
        0.0,
        0.03750686841584648,
        -0.012691946722968793,
        -0.004431691115458399,
        0.0015569901126993777,
        -0.03229847199901347,
        0.011151326886330701,
        0.0,
        -0.3649721495874339,
        0.0,
        0.0,
        -0.2998624724527783,
        -0.10995372942963764,
        0.004859875219463447,
        0.0017818580003305987,
        0.1922914298048786,
        0.10512380666412896,
        0.18061176066958942,
        0.0,
        0.08770204761569562,
        -0.028008423601089696,
        0.04857488614802363,
        -0.015437717236511361,
        0.01718173316024246,
        0.004061241559907786,
        0.0239983330986578,
        0.014845630482300491,
        0.0026273866309334502,
        -0.0029948668559552014,
        0.0042040939235996845,
        -0.008545980352799697,
        0.011757083078233282,
        -0.014570516606638547
      ],
      [
        -0.1561111606882243,
        0.0,
        0.028774141340016338,
        -0.18036798498608514,
        -0.06072907763962152,
        0.020550108566554284,
        -0.01653441863244731,
        0.00580905249469084,
        -0.06625774972263612,
        0.022876061317463257,
        0.0,
        0.0,
        -0.3649721495874339,
        0.0,
        0.1848095658229964,
        0.06776606899254671,
        -0.18737343241891172,
        -0.06869988107264705,
        0.15744994777115232,
        0.18061176066958942,
        0.032431707040227936,
        0.0,
        0.016357410803143704,
        -0.005223883629251732,
        0.06443912975588667,
        -0.020479575826627364,
        0.027949120002173235,
        0.0239983330986578,
        0.0283457786072739,
        0.024149036886327833,
        0.026480875587045632,
        -0.030184631252439753,
        0.005558516492363915,
        -0.011299217761952727,
        0.01261884620123217,
        -0.015638496973119947
      ],
      [
        0.1944520771222434,
        0.0,
        -0.18036798498608514,
        0.1086364342253887,
        0.049436479230546,
        -0.016728806937668827,
        0.08351052440886632,
        -0.02933982929392306,
        0.044270218993959644,
        -0.015284676109327074,
        0.0,
        0.0,
        0.0,
        -0.3649721495874339,
        -0.0031181544317831896,
        -0.0011433665103461944,
        -0.2987294697759731,
        -0.10952822276651003,
        0.0,
        0.0,
        0.0,
        -0.11545482286460731,
        -0.0004018071587457727,
        0.0001283206654126951,
        -0.038506554603243204,
        0.012237873289206641,
        0.017289630331905986,
        0.014845630482300491,
        0.024149036886327833,
        0.004247113782146387,
        0.013153616438838183,
        -0.014993350976528489,
        0.0023531700648817826,
        -0.0047834671410140915,
        0.019360958673147327,
        -0.023993976056000302
      ],
      [
        -0.06272965208028754,
        -0.03824084629967297,
        0.06279376186642793,
        -0.0492567851133592,
        -0.015446009870305715,
        0.026206039877916507,
        -0.041855831882417045,
        0.05082426535071748,
        -0.040676800220011376,
        0.050013730989924794,
        -0.35523186062813744,
        -0.2998624724527783,
        0.1848095658229964,
        -0.0031181544317831896,
        -0.40384406313384824,
        0.0,
        -0.13630430864448398,
        0.07239042985437505,
        -0.06331097477550428,
        -0.08770204761569562,
        -0.016357410803143704,
        -0.00040180715874577267,
        -0.015894897276271375,
        0.026768262020675906,
        -0.04275059047289058,
        0.05142498900327476,
        -0.018578142404839872,
        -0.02274942626018137,
        -0.01452419125207855,
        -0.012910452081813887,
        -0.03756657103482998,
        0.04776911434184918,
        -0.003935251098106055,
        0.008793633099355451,
        -0.012075172293124098,
        0.021755668833558863
      ],
      [
        0.0699728393314423,
        0.012429407995540176,
        -0.020409832975357048,
        0.016009914475345402,
        0.026205591488586602,
        -0.008475639872067208,
        0.050823451225802695,
        -0.006668526150583841,
        0.050012818195302684,
        -0.006767575652233235,
        0.0074956608849623295,
        -0.10995372942963764,
        0.06776606899254671,
        -0.0011433665103461944,
        0.0,
        -0.0802960207458715,
        0.07239044583593102,
        -0.006352966394922776,
        0.07018730262462265,
        0.02800842360108968,
        0.005223883629251744,
        0.00012832066541269445,
        0.026768262020675906,
        -0.008475325005173598,
        0.05142500035631327,
        -0.0065940941063823205,
        0.03711140646194269,
        0.025798513374315293,
        0.016470856802384887,
        0.014640829482548759,
        0.04776829700503407,
        -0.007032257160700691,
        0.00879347260780957,
        -0.006169261233263121,
        0.02175532034190997,
        -0.008365720648249697
      ],
      [
        -0.06353320916314853,
        0.0006271738749561102,
        0.015613701964974707,
        -0.08811951562334543,
        -0.04009318467625701,
        0.04960445331538805,
        -0.015444048635438355,
        0.026203563341789974,
        -0.04462561654206528,
        0.05264545927964331,
        -0.35593874469318915,
        0.004859875219463447,
        -0.18737343241891172,
        -0.2987294697759731,
        -0.13630430864448398,
        0.07239044583593102,
        -0.40384419654246884,
        0.0,
        -0.06347024372035573,
        -0.04857488614802363,
        -0.06443912975588668,
        -0.03850655460324321,
        -0.04275059047289058,
        0.05142500035631324,
        -0.04784808328481186,
        0.05462456515990855,
        -0.004079764367192331,
        -0.0025596920383097682,
        -0.005490231198336505,
        -0.004638117858673975,
        -0.00396992621388006,
        0.008858526996995702,
        -0.0012173688686839415,
        0.0032103078827144783,
        -0.0032035917342691468,
        0.007394448262304648
      ],
      [
        0.07026502150253282,
        -0.00019893246863258283,
        -0.004952489892222004,
        0.027950514965066592,
        0.04960359362471283,
        -0.0068169270857235545,
        0.02620313781701815,
        -0.008475643614853073,
        0.05264448683139726,
        -0.0064397677966656535,
        0.007232019803903902,
        0.0017818580003305987,
        -0.06869988107264705,
        -0.10952822276651003,
        0.07239042985437505,
        -0.006352966394922776,
        0.0,
        -0.0802960472714103,
        0.07024474886815245,
        0.015437717236511337,
        0.02047957582662737,
        0.012237873289206645,
        0.05142498900327478,
        -0.0065940941063823205,
        0.05462456515990857,
        -0.00618263416657713,
        0.011582893989338847,
        0.0051542638901024805,
        0.01105527539656134,
        0.009339437338246563,
        0.008858373470597437,
        -0.006191698561777952,
        0.003210248583046236,
        -0.003352582905786677,
        0.007394328182418242,
        -0.005640343073946782
      ],
      [
        -0.019757755039046105,
        0.017182408445431986,
        0.027950218472660573,
        -0.01729030985772487,
        -0.01841626948309152,
        0.03689682160695945,
        -0.015839021875947885,
        0.03330313691211399,
        -0.003919001093177056,
        0.011195798129618248,
        -0.18182452236193827,
        0.1922914298048786,
        0.15744994777115232,
        0.0,
        -0.06331097477550428,
        0.07018730262462265,
        -0.06347024372035573,
        0.07024474886815245,
        -0.5113793692004152,
        0.0,
        0.0,
        0.0,
        -0.35523186062813744,
        0.0074956608849623295,
        -0.35593874469318915,
        0.007232019803903902,
        -0.18262082207694968,
        0.0,
        -0.15611729624822573,
        -0.1944597195763852,
        -0.06139041387976662,
        0.06947168112786566,
        -0.06071518071795378,
        0.06920982937586066,
        -0.06012595173353459,
        0.0689768709380075
      ],
      [
        -0.01718173316024246,
        0.004061241559907786,
        0.0239983330986578,
        -0.014845630482300491,
        -0.0026273866309334507,
        0.0029948668559552022,
        -0.01175708307823328,
        0.014570516606638549,
        -0.0042040939235996845,
        0.008545980352799696,
        -0.1922914298048786,
        0.10512380666412896,
        0.18061176066958942,
        0.0,
        -0.08770204761569562,
        0.02800842360108968,
        -0.04857488614802363,
        0.015437717236511337,
        0.0,
        -0.3649721495874339,
        0.0,
        0.0,
        0.2998624724527783,
        0.10995372942963764,
        -0.004859875219463447,
        -0.0017818580003305987,
        0.0,
        -0.11602994563033071,
        0.0,
        0.0,
        -0.03750686841584648,
        0.012691946722968797,
        0.03229847199901347,
        -0.011151326886330686,
        0.004431691115458399,
        -0.001556990112699378
      ],
      [
        -0.027949120002173228,
        0.0239983330986578,
        0.0283457786072739,
        -0.024149036886327833,
        -0.026480875587045632,
        0.030184631252439753,
        -0.01261884620123217,
        0.015638496973119958,
        -0.005558516492363915,
        0.011299217761952729,
        -0.1574499477711523,
        0.18061176066958942,
        0.032431707040227936,
        0.0,
        -0.016357410803143704,
        0.005223883629251744,
        -0.06443912975588668,
        0.02047957582662737,
        0.0,
        0.0,
        -0.3649721495874339,
        0.0,
        -0.1848095658229964,
        -0.06776606899254671,
        0.18737343241891172,
        0.06869988107264705,
        0.1561111606882243,
        0.0,
        0.028774141340016338,
        0.18036798498608514,
        0.060729077639621536,
        -0.02055010856655431,
        0.06625774972263612,
        -0.022876061317463232,
        0.01653441863244731,
        -0.00580905249469084
      ],
      [
        0.017289630331905986,
        -0.014845630482300491,
        -0.024149036886327833,
        0.004247113782146387,
        0.013153616438838183,
        -0.014993350976528505,
        0.019360958673147327,
        -0.02399397605600031,
        0.0023531700648817826,
        -0.0047834671410140915,
        0.0,
        0.0,
        0.0,
        -0.11545482286460731,
        -0.00040180715874577267,
        0.00012832066541269445,
        -0.03850655460324321,
        0.012237873289206645,
        0.0,
        0.0,
        0.0,
        -0.3649721495874339,
        -0.0031181544317831896,
        -0.0011433665103461944,
        -0.2987294697759731,
        -0.10952822276651003,
        0.19445207712224338,
        0.0,
        0.18036798498608514,
        0.1086364342253887,
        0.049436479230546,
        -0.01672880693766881,
        0.044270218993959644,
        -0.015284676109327017,
        0.08351052440886633,
        -0.029339829293923078
      ],
      [
        -0.01857814240483987,
        0.02274942626018137,
        0.01452419125207855,
        -0.012910452081813887,
        -0.03756657103482998,
        0.04776911434184917,
        -0.012075172293124098,
        0.021755668833558856,
        -0.003935251098106055,
        0.00879363309935545,
        -0.06331097477550426,
        0.08770204761569562,
        0.016357410803143704,
        -0.0004018071587457727,
        -0.015894897276271375,
        0.026768262020675906,
        -0.04275059047289058,
        0.05142498900327478,
        -0.35523186062813744,
        0.2998624724527783,
        -0.1848095658229964,
        -0.0031181544317831896,
        -0.40384406313384824,
        0.0,
        -0.13630430864448398,
        0.07239042985437505,
        -0.06272965208028754,
        0.03824084629967297,
        -0.06279376186642793,
        -0.0492567851133592,
        -0.015446009870305715,
        0.02620603987791651,
        -0.040676800220011376,
        0.05001373098992478,
        -0.041855831882417045,
        0.0508242653507175
      ],
      [
        0.037111406461942685,
        -0.025798513374315286,
        -0.016470856802384894,
        0.014640829482548755,
        0.04776829700503408,
        -0.007032257160700691,
        0.021755320341909978,
        -0.008365720648249697,
        0.008793472607809572,
        -0.006169261233263121,
        0.07018730262462265,
        -0.028008423601089696,
        -0.005223883629251732,
        0.0001283206654126951,
        0.026768262020675906,
        -0.008475325005173598,
        0.05142500035631324,
        -0.0065940941063823205,
        0.0074956608849623295,
        0.10995372942963764,
        -0.06776606899254671,
        -0.0011433665103461944,
        0.0,
        -0.0802960207458715,
        0.07239044583593102,
        -0.006352966394922776,
        0.06997283933144234,
        -0.01242940799554016,
        0.020409832975357006,
        0.016009914475345333,
        0.0262055914885866,
        -0.008475639872067208,
        0.0500128181953027,
        -0.006767575652233235,
        0.05082345122580268,
        -0.006668526150583841
      ],
      [
        -0.004079764367192331,
        0.0025596920383097682,
        0.005490231198336506,
        -0.004638117858673975,
        -0.00396992621388006,
        0.008858526996995703,
        -0.0032035917342691468,
        0.007394448262304649,
        -0.0012173688686839415,
        0.0032103078827144783,
        -0.06347024372035573,
        0.04857488614802363,
        0.06443912975588667,
        -0.038506554603243204,
        -0.04275059047289058,
        0.05142500035631327,
        -0.04784808328481186,
        0.05462456515990857,
        -0.35593874469318915,
        -0.004859875219463447,
        0.18737343241891172,
        -0.2987294697759731,
        -0.13630430864448398,
        0.07239044583593102,
        -0.40384419654246884,
        0.0,
        -0.06353320916314853,
        -0.0006271738749561102,
        -0.015613701964974705,
        -0.08811951562334543,
        -0.04009318467625701,
        0.04960445331538805,
        -0.04462561654206528,
        0.052645459279643286,
        -0.015444048635438355,
        0.026203563341789964
      ],
      [
        0.011582893989338847,
        -0.0051542638901024805,
        -0.011055275396561334,
        0.009339437338246563,
        0.008858373470597435,
        -0.006191698561777952,
        0.0073943281824182415,
        -0.005640343073946782,
        0.003210248583046236,
        -0.003352582905786677,
        0.07024474886815243,
        -0.015437717236511361,
        -0.020479575826627364,
        0.012237873289206641,
        0.05142498900327476,
        -0.0065940941063823205,
        0.05462456515990855,
        -0.00618263416657713,
        0.007232019803903902,
        -0.0017818580003305987,
        0.06869988107264705,
        -0.10952822276651003,
        0.07239042985437505,
        -0.006352966394922776,
        0.0,
        -0.0802960472714103,
        0.07026502150253282,
        0.00019893246863258301,
        0.004952489892221997,
        0.027950514965066627,
        0.04960359362471283,
        -0.0068169270857235545,
        0.05264448683139729,
        -0.0064397677966656535,
        0.02620313781701816,
        -0.008475643614853073
      ],
      [
        -0.004756130126053558,
        0.003865219279128422,
        0.009410045815400654,
        0.0,
        -0.004384019250167648,
        0.01230612631035009,
        -0.01637825948143465,
        0.03408019121447419,
        -0.0008708185520302331,
        0.002940380087304418,
        -0.019757755039046105,
        0.01718173316024246,
        0.027949120002173235,
        0.017289630331905986,
        -0.018578142404839872,
        0.03711140646194269,
        -0.004079764367192331,
        0.011582893989338847,
        -0.18262082207694968,
        0.0,
        0.1561111606882243,
        0.19445207712224338,
        -0.06272965208028754,
        0.06997283933144234,
        -0.06353320916314853,
        0.07026502150253282,
        -0.5113542280010643,
        0.0,
        0.0,
        0.0,
        -0.3562721008826959,
        0.007102226163452052,
        -0.3570847189077367,
        0.006799240877935811,
        -0.3572607150688634,
        0.006733862872598649
      ],
      [
        -0.003865219279128422,
        0.0005192553641662575,
        0.007335332302853611,
        0.0,
        -0.0005819967355967622,
        0.0011516807059043794,
        -0.01218527618086704,
        0.01483399230216457,
        -0.000904876061642064,
        0.002360181251874067,
        -0.01718240844543199,
        0.004061241559907786,
        0.0239983330986578,
        0.014845630482300491,
        -0.02274942626018137,
        0.025798513374315293,
        -0.0025596920383097682,
        0.0051542638901024805,
        0.0,
        -0.11602994563033071,
        0.0,
        0.0,
        0.03824084629967297,
        -0.01242940799554016,
        -0.0006271738749561102,
        0.00019893246863258301,
        0.0,
        -0.36498145021176065,
        0.0,
        0.0,
        -0.30252369321907446,
        -0.1109158882111844,
        0.26455586232944467,
        0.09698345223869795,
        0.03672487527563577,
        0.013462555823192921
      ],
      [
        -0.009410045815400652,
        0.007335332302853611,
        0.015364422259760228,
        0.0,
        -0.008121849083124385,
        0.016071871736033784,
        -0.02206225001638411,
        0.02685792607847032,
        -0.001628892857155337,
        0.00424862867495145,
        -0.027950218472660566,
        0.0239983330986578,
        0.0283457786072739,
        0.024149036886327833,
        -0.01452419125207855,
        0.016470856802384887,
        -0.005490231198336505,
        0.01105527539656134,
        -0.15611729624822573,
        0.0,
        0.028774141340016338,
        0.18036798498608514,
        -0.06279376186642793,
        0.020409832975357006,
        -0.015613701964974705,
        0.004952489892221997,
        0.0,
        0.0,
        -0.36498145021176065,
        0.0,
        0.18108580434361551,
        0.06639246208284241,
        0.23307446824312045,
        0.08544269765894631,
        -0.17281648630351656,
        -0.06335083717963386
      ],
      [
        0.0,
        0.0,
        0.0,
        -0.0024937658678240017,
        0.00010357206354762218,
        -0.00020495294898207738,
        0.008875831348400785,
        -0.010805172730038174,
        -3.222696353438798e-05,
        8.405734040600454e-05,
        -0.01729030985772487,
        0.014845630482300491,
        0.024149036886327833,
        0.004247113782146387,
        -0.012910452081813887,
        0.014640829482548759,
        -0.004638117858673975,
        0.009339437338246563,
        -0.1944597195763852,
        0.0,
        0.18036798498608514,
        0.1086364342253887,
        -0.0492567851133592,
        0.016009914475345333,
        -0.08811951562334543,
        0.027950514965066627,
        0.0,
        0.0,
        0.0,
        -0.36498145021176065,
        0.014174149688649287,
        0.005196744709897329,
        -0.023072596258382712,
        -0.00845817596913086,
        0.30611065817913635,
        0.11221363702070812
      ],
      [
        -0.004384019250167648,
        0.0005819967355967621,
        0.008121849083124385,
        0.00010357206354762218,
        -0.002083982874704238,
        0.00512178727435028,
        -0.015510374309203177,
        0.02628676636724286,
        -0.0012394223605084558,
        0.003261174836976935,
        -0.01841626948309152,
        0.0026273866309334502,
        0.026480875587045632,
        0.013153616438838183,
        -0.03756657103482998,
        0.04776829700503407,
        -0.00396992621388006,
        0.008858373470597437,
        -0.06139041387976662,
        -0.03750686841584648,
        0.060729077639621536,
        0.049436479230546,
        -0.015446009870305715,
        0.0262055914885866,
        -0.04009318467625701,
        0.04960359362471283,
        -0.3562721008826959,
        -0.30252369321907446,
        0.18108580434361551,
        0.014174149688649287,
        -0.40383372367057185,
        0.0,
        -0.13393914967199874,
        0.07251474425407796,
        -0.13410504008002275,
        0.0725066635346855
      ],
      [
        0.01230612631035009,
        -0.0011516807059043796,
        -0.016071871736033784,
        -0.00020495294898207738,
        0.0051217872743502795,
        -0.004558830247960269,
        0.026286795065590732,
        -0.008475656167314093,
        0.003261171116799097,
        -0.003389357484417149,
        0.03689682160695946,
        -0.0029948668559552014,
        -0.030184631252439753,
        -0.014993350976528489,
        0.04776911434184918,
        -0.007032257160700691,
        0.008858526996995702,
        -0.006191698561777952,
        0.06947168112786566,
        0.012691946722968797,
        -0.02055010856655431,
        -0.01672880693766881,
        0.02620603987791651,
        -0.008475639872067208,
        0.04960445331538805,
        -0.0068169270857235545,
        0.007102226163452052,
        -0.1109158882111844,
        0.06639246208284241,
        0.005196744709897329,
        0.0,
        -0.08029396495792379,
        0.07251466153304702,
        -0.0061536907300397325,
        0.07250674269320297,
        -0.006167373827317043
      ],
      [
        -0.0008708185520302331,
        0.0009048760616420639,
        0.001628892857155337,
        -3.222696353438798e-05,
        -0.0012394223605084558,
        0.0032611711167990966,
        -0.00320282197640489,
        0.007392860314703332,
        -0.0001603284271306149,
        0.0005172184526467682,
        -0.003919001093177056,
        0.0042040939235996845,
        0.005558516492363915,
        0.0023531700648817826,
        -0.003935251098106055,
        0.00879347260780957,
        -0.0012173688686839415,
        0.003210248583046236,
        -0.06071518071795378,
        0.03229847199901347,
        0.06625774972263612,
        0.044270218993959644,
        -0.040676800220011376,
        0.0500128181953027,
        -0.04462561654206528,
        0.05264448683139729,
        -0.3570847189077367,
        0.26455586232944467,
        0.23307446824312045,
        -0.023072596258382712,
        -0.13393914967199874,
        0.07251466153304702,
        -0.403833034345073,
        0.0,
        -0.13490323651621025,
        0.07246587196071932
      ],
      [
        0.002940380087304418,
        -0.002360181251874067,
        -0.00424862867495145,
        8.405734040600454e-05,
        0.0032611748369769356,
        -0.003389357484417149,
        0.007392876819201645,
        -0.005639682382707059,
        0.0005172184526467682,
        -0.0007868514750174379,
        0.011195798129618248,
        -0.008545980352799697,
        -0.011299217761952727,
        -0.0047834671410140915,
        0.008793633099355451,
        -0.006169261233263121,
        0.0032103078827144783,
        -0.003352582905786677,
        0.06920982937586066,
        -0.011151326886330686,
        -0.022876061317463232,
        -0.015284676109327017,
        0.05001373098992478,
        -0.006767575652233235,
        0.052645459279643286,
        -0.0064397677966656535,
        0.006799240877935811,
        0.09698345223869795,
        0.08544269765894631,
        -0.00845817596913086,
        0.07251474425407796,
        -0.0061536907300397325,
        0.0,
        -0.08029382789983724,
        0.07246603374016738,
        -0.0062338823726248195
      ],
      [
        -0.01637825948143465,
        0.01218527618086704,
        0.022062250016384115,
        0.008875831348400785,
        -0.015510374309203177,
        0.026286795065590732,
        -0.05870100342959769,
        0.06029777796838087,
        -0.00320282197640489,
        0.0073928768192016445,
        -0.015839021875947885,
        0.011757083078233282,
        0.01261884620123217,
        0.019360958673147327,
        -0.012075172293124098,
        0.02175532034190997,
        -0.0032035917342691468,
        0.007394328182418242,
        -0.06012595173353459,
        0.004431691115458399,
        0.01653441863244731,
        0.08351052440886633,
        -0.041855831882417045,
        0.05082345122580268,
        -0.015444048635438355,
        0.02620313781701816,
        -0.3572607150688634,
        0.03672487527563577,
        -0.17281648630351656,
        0.30611065817913635,
        -0.13410504008002275,
        0.07250674269320297,
        -0.13490323651621025,
        0.07246603374016738,
        -0.40383438338304634,
        0.0
      ],
      [
        0.03408019121447419,
        -0.01483399230216457,
        -0.026857926078470304,
        -0.010805172730038178,
        0.02628676636724286,
        -0.008475656167314093,
        0.060297777968380845,
        -0.005411236233045397,
        0.007392860314703333,
        -0.005639682382707059,
        0.033303136912113986,
        -0.014570516606638547,
        -0.015638496973119947,
        -0.023993976056000302,
        0.021755668833558863,
        -0.008365720648249697,
        0.007394448262304648,
        -0.005640343073946782,
        0.0689768709380075,
        -0.001556990112699378,
        -0.00580905249469084,
        -0.029339829293923078,
        0.0508242653507175,
        -0.006668526150583841,
        0.026203563341789964,
        -0.008475643614853073,
        0.006733862872598649,
        0.013462555823192921,
        -0.06335083717963386,
        0.11221363702070812,
        0.0725066635346855,
        -0.006167373827317043,
        0.07246587196071932,
        -0.0062338823726248195,
        0.0,
        -0.08029409612807428
      ]
    ],
    "ovlp": [
      [
        0.0,
        0.0,
        0.0,
        0.0,
        -0.3562721008826959,
        0.007102226163452052,
        -0.3572607150688634,
        0.006733862872598649,
        -0.3570847189077367,
        0.006799240877935811,
        -0.18262082207694968,
        0.0,
        -0.1561111606882243,
        0.1944520771222434,
        -0.06272965208028754,
        0.0699728393314423,
        -0.06353320916314853,
        0.07026502150253282,
        -0.019757755039046105,
        -0.01718173316024246,
        -0.027949120002173228,
        0.017289630331905986,
        -0.01857814240483987,
        0.037111406461942685,
        -0.004079764367192331,
        0.011582893989338847,
        -0.004756130126053558,
        -0.003865219279128422,
        -0.009410045815400652,
        0.0,
        -0.004384019250167648,
        0.01230612631035009,
        -0.0008708185520302331,
        0.002940380087304418,
