{
  "MB16-43/LiH": {
    "xyz": [
      [
        0.0,
        0.0,
        -1.50796743897235
      ],
      [
        0.0,
        0.0,
        1.50796743897235
      ]
    ],
    "numbers": [
      3,
      1
    ],
    "egfn1": -0.88142483678,
    "h0": [
      [
        -0.26717144263849224,
        0.0,
        0.0,
        0.0,
        -0.2389320844585068,
        0.07871230188493795
      ],
      [
        0.0,
        -0.16938781291472702,
        0.0,
        0.0,
        0.0,
        0.0
      ],
      [
        0.0,
        0.0,
        -0.16938781291472702,
        0.0,
        0.0,
        0.0
      ],
      [
        0.0,
        0.0,
        0.0,
        -0.16938781291472702,
        -0.29873069299764093,
        0.026125017395779743
      ],
      [
        -0.2389320844585068,
        0.0,
        0.0,
        -0.29873069299764093,
        -0.40368833496305595,
        0.0
      ],
      [
        0.07871230188493795,
        0.0,
        0.0,
        0.026125017395779743,
        0.0,
        -0.08026505742716966
      ]
    ],
    "ovlp": [
      [
        0.0,
        0.0,
        0.0,
        0.0,
        -0.2389320844585068,
        0.07871230188493795
      ],
      [
        0.0,
        0.0,
        0.0,
        0.0,
        0.0,
        0.0
      ],
      [
        0.0,
        0.0,
        0.0,
        0.0,
        0.0,
        0.0
      ],
      [
        0.0,
        0.0,
        0.0,
        0.0,
        -0.29873069299764093,
        0.026125017395779743
      ],
      [
        0.40560702619895883,
        0.0,
        0.0,
        0.4638724380882892,
        0.0,
        0.0
      ],
      [
        -0.20099500505848958,
        0.0,
        0.0,
        -0.07516673262767587,
        0.0,
        0.0
      ]
    ],
    "cn": [
      0.9378403285135649,
      0.9378403285135649
    ]
  },
  "MB16-43/42": {
    "xyz": [
      [
        -2.14628207950146,
        -1.85576660458868,
        -4.8562281116443
      ],
      [
        -5.47038524196166,
        -3.30230442196969,
        -5.81027853826046
      ],
      [
        0.15001477665874,
        -1.18071608353775,
        3.4822451555488
      ],
      [
        -3.71376031627917,
        -3.29683091333333,
        -6.33290709152903
      ],
      [
        0.03614983746815,
        -1.81256982247418,
        -5.45172201005106
      ],
      [
        -4.77023298084312,
        -0.4565886235222,
        -2.16928428266035
      ],
      [
        -2.9178743391992,
        -0.42239567027236,
        -2.69024790239055
      ],
      [
        -2.10935154814617,
        2.90092278176962,
        1.70000099440458
      ],
      [
        3.35637062243926,
        2.78272946639544,
        -0.63815356404931
      ],
      [
        2.04981760349598,
        -0.59223471212537,
        4.09070837482881
      ],
      [
        4.06769591564662,
        0.80112130294596,
        2.47081697610363
      ],
      [
        1.10644440013696,
        4.51587210578955,
        2.94256783850596
      ],
      [
        2.04935213256888,
        1.9905645862443,
        5.0455708844007
      ],
      [
        6.21018770899405,
        0.77750307023768,
        3.14736941189843
      ],
      [
        2.75692516538951,
        -2.20960199394989,
        5.99510936109577
      ],
      [
        -0.65507165686738,
        1.36029553239095,
        -0.9255674962016
      ]
    ],
    "numbers": [
      5,
      1,
      1,
      8,
      1,
      1,
      7,
      9,
      15,
      6,
      5,
      13,
      8,
      1,
      9,
      13
    ],
    "egfn1": -35.90799563994,
    "h0": [
      [
        -0.4592898515468988,
        0.0,
        0.0,
        0.0,
        -0.10202284448499079,
        0.0764125414633443,
        -0.0005058224507875421,
        0.0016111858433894037,
        -0.27446147185854874,
        -0.17755847689569887,
        -0.1632387472858671,
        -0.16727305322670977,
        -0.31660849739427416,
        0.03600059712800147,
        -0.08143290591779298,
        0.07283971074100944,
        -0.2712169863056323,
        -0.0693617604884025,
        0.12885190356372037,
        0.1947093151967741,
        -0.00011550890354951606,
        1.6039743906371444e-06,
        0.0002065935062383381,
        0.0002847514833751764,
        -0.0008324202119745383,
        0.0013519446197885485,
        0.0011396303104620063,
        0.0010363371085507216,
        0.0014125836966733048,
        -0.007006385657261766,
        -0.005906077323678113,
        -0.0013226876838062268,
        -0.0077047221371509735,
        -2.600142114501796e-05,
        2.937076083506624e-05,
        8.844139993001482e-06,
        6.262442544334805e-05,
        -7.465494999215025e-05,
        0.0001696516688508242,
        7.253734529069324e-05,
        0.0002000402041739203,
        -0.0002322926233207384,
        0.000720670051357637,
        0.0014116923834158438,
        0.0017278915743777175,
        -0.019311458071532516,
        -0.024083015526857245,
        -0.04717527740316525,
        0.014248889365851737,
        -0.01967589291659914,
        -6.278285780196454e-07,
        7.917540759128827e-07,
        7.258374404736614e-07,
        1.8685589157020827e-06,
        -5.2312774877991014e-06,
        2.0775913521974436e-05,
        -5.4781189222210494e-08,
        1.9113190199379446e-07,
        -1.3792855896880762e-08,
        4.229959426052087e-07,
        -0.0560792015582558,
        0.043203506995523215,
        0.09317609434864564,
        0.1138795174837489,
        -0.07977185972488259,
        -0.0883489297709807,
        -0.19054027759357078,
        0.061191053425638936,
        -0.07228699592196212
      ],
      [
        0.0,
        -0.27947577773149773,
        0.0,
        0.0,
        0.13052779215267962,
        -0.012349551798866532,
        -0.00039025826529723453,
        0.0008427997422579385,
        0.25611685280156915,
        -0.009700676911020601,
        0.1639902630274238,
        0.16804314203667833,
        -0.3195165415754494,
        -0.09060689067422407,
        0.08022514577963206,
        -0.016003946806470718,
        0.110871235400475,
        -0.11162156877442449,
        -0.05907901385540346,
        -0.08927484974715733,
        -2.799524951785154e-06,
        -0.0001157917730413898,
        3.7334500628133907e-06,
        5.145880249821595e-06,
        -0.0017093968983884797,
        0.0018282965587946662,
        0.001966606742613198,
        0.0017883584936152512,
        9.63141145182541e-05,
        -0.0056207531105689325,
        -0.006322757880945901,
        0.0010364561253316462,
        -0.006180981612620168,
        -5.1633360399275105e-05,
        3.16832131258987e-05,
        1.5180952271860416e-05,
        0.00010749472695597893,
        -0.0001696516688508242,
        0.00025141858471406774,
        0.00013318818647574718,
        0.00036730034590307803,
        -0.0001823784465262961,
        3.666051228137781e-06,
        0.0007516538495379357,
        0.0009200137145477492,
        -0.007674443299873146,
        0.004866785663452785,
        -0.012216228285949112,
        0.008320728152687562,
        0.003976177877531481,
        -1.9675434076517646e-06,
        1.3288254522856492e-06,
        1.8929453345726985e-06,
        4.873101998629716e-06,
        -1.7120796417140616e-05,
        5.0877897477332585e-05,
        -3.057766583751598e-07,
        4.9066348605171e-07,
        -4.762903212383483e-08,
        1.4606755474877014e-06,
        -0.022496637569072706,
        -0.02866773664337652,
        0.029696612845580214,
        0.036295103002517405,
        -0.03293174143047582,
        0.06623456622267443,
        -0.03541576872527062,
        0.0427315552628188,
        0.054193048301124286
      ],
      [
        0.0,
        0.0,
        -0.27947577773149773,
        0.0,
        0.05680130198737779,
        -0.005374109295556592,
        -0.00011472560467371523,
        0.0002477608257079458,
        0.2354615501386953,
        0.16399026302742384,
        -0.037311812235631715,
        0.15449080480771393,
        -0.006324177318474161,
        -0.0017933783336349929,
        -0.04277871870442208,
        0.008533837264380057,
        -0.2059631940022802,
        -0.05907901385540346,
        -0.03367430147505196,
        0.1658440363867309,
        -0.0003605816146237017,
        3.7334500628133907e-06,
        0.0003650513440561066,
        0.0006627945244630513,
        -0.0014409469807409301,
        0.0019666067426131976,
        0.001153072593273017,
        0.0015075081593319108,
        8.118859502357323e-05,
        -0.006322757880945901,
        -0.0034498678202375265,
        -0.0032609478110529177,
        -0.0045004952539760374,
        -1.5547866473213144e-05,
        1.518095227186042e-05,
        -1.416035439620523e-05,
        3.236887253438438e-05,
        -7.253734529069325e-05,
        0.00013318818647574718,
        -3.1375928262573886e-06,
        0.00015704526926634593,
        -0.00035725400739959243,
        0.0007516538495379357,
        0.001092331514989344,
        0.0018021788903513762,
        -0.015033166888200902,
        -0.01221622828594911,
        -0.012826712268489002,
        -0.001843510341173673,
        -0.005349772825074786,
        -1.8037376939097939e-06,
        1.8929453345726985e-06,
        9.993232512419148e-07,
        4.467397124257641e-06,
        -5.39506216802215e-06,
        1.6032514678678116e-05,
        2.2066088086829436e-08,
        -4.7629032123834833e-08,
        -1.659097484208303e-07,
        -1.0540829201422061e-07,
        -0.04851802481868915,
        0.029696612845580214,
        0.021608720415543143,
        0.07827688483962199,
        -0.07102319371687053,
        -0.035415768725270615,
        0.006275560635621263,
        -0.04309985439888164,
        0.0023808164436645456
      ],
      [
        0.0,
        0.0,
        0.0,
        -0.27947577773149773,
        0.037462765053405726,
        -0.003544443293843824,
        -0.0014171330260511917,
        0.0030604331933661686,
        0.24128078084438698,
        0.16804314203667836,
        0.15449080480771393,
        -0.029767681636926505,
        0.08718262845624403,
        0.024722810425641412,
        -0.08215110285474525,
        0.016388151961626254,
        -0.31123290654446906,
        -0.08927484974715734,
        0.16584403638673093,
        0.10718431275030885,
        -0.0004969960165323984,
        5.145880249821593e-06,
        0.0006627945244630512,
        0.0007977206557461063,
        -0.0013103431997965734,
        0.0017883584936152512,
        0.0015075081593319108,
        0.000866180381389172,
        0.0033299834088481354,
        -0.0032972181888127677,
        -0.002779411029991288,
        -0.0010854426451657024,
        -0.006322757880945901,
        -0.00011009280783946812,
        0.00010749472695597893,
        3.236887253438438e-05,
        0.00021046893197936072,
        -0.0002000402041739203,
        0.00036730034590307803,
        0.00015704526926634593,
        0.000373007947909228,
        -0.00043727386826637916,
        0.0009200137145477492,
        0.0018021788903513768,
        0.0018257877344136596,
        0.000830886925077637,
        -0.010321570387574064,
        -0.02021852063032092,
        0.008846748965970893,
        -0.012216228285949112,
        -4.643450394820686e-06,
        4.873101998629716e-06,
        4.467397124257641e-06,
        1.0764612531436433e-05,
        -1.6397829139998158e-05,
        4.8729454489651555e-05,
        -6.767174107871905e-07,
        1.4606755474877012e-06,
        -1.0540829201422061e-07,
        3.0632889527640014e-06,
        -0.05929857110068044,
        0.036295103002517405,
        0.07827688483962197,
        0.053232412833758985,
        0.05636008318287041,
        -0.01192707763282174,
        -0.025722877333420536,
        0.029979502793526583,
        -0.03541576872527062
      ],
      [
        -0.10202284448499079,
        0.13052779215267962,
        0.05680130198737779,
        0.037462765053405726,
        -0.40395640242406217,
        0.0,
        -2.4847645048177163e-05,
        8.977058582754514e-05,
        -0.4597294931699564,
        0.4035466782854856,
        0.0012574205207249868,
        -0.12006263463826185,
        -0.016563257690152135,
        0.02759665866989533,
        -0.04366454157094829,
        0.052032258193937614,
        -0.026673894215900763,
        0.015137708053020867,
        0.017079346401754028,
        0.018503393200461894,
        -2.4132486737777582e-06,
        4.078598064423235e-06,
        7.5275860854662476e-06,
        9.113687738855091e-06,
        -5.558294564902816e-06,
        1.5465521464460566e-05,
        1.0661699910838996e-05,
        9.062175394262369e-06,
        7.589831787910528e-05,
        -0.00019537065941508492,
        -0.00013468561967684163,
        -8.748073163612557e-05,
        -0.00022985467080952635,
        -2.703279238872788e-07,
        5.819035151540132e-07,
        2.0970166934039112e-07,
        7.661254897799128e-07,
        -5.144319780067341e-07,
        2.151338578390961e-06,
        9.255381580110777e-07,
        1.8678222544983162e-06,
        -7.16004929168028e-06,
        7.65866574770525e-05,
        9.10420431135823e-05,
        0.00010192619907861343,
        -0.002671306153506644,
        -0.010905625633427828,
        -0.012964013208131148,
        0.0016926209236611468,
        -0.009741071952789542,
        -1.45690452926816e-09,
        4.322763238937673e-09,
        3.042635458881079e-09,
        6.2405459758030574e-09,
        -1.9020289916037142e-08,
        7.85283581358532e-08,
        -8.826989896020683e-11,
        1.1854536973509731e-09,
        1.574449083923044e-10,
        1.7010104203008879e-09,
        -0.003050452461360514,
        0.01027506192348614,
        0.009949196954441176,
        0.010423144318338013,
        -0.002551312067266665,
        -0.07441057790993197,
        -0.07205070885534129,
        -0.0022894532216196665,
        -0.07102707901848844
      ],
      [
        0.0764125414633443,
        -0.012349551798866532,
        -0.005374109295556592,
        -0.003544443293843824,
        0.0,
        -0.08031835708507033,
        8.977131743723896e-05,
        -0.00016081035656546167,
        -0.04745487807908372,
        0.19071971039708363,
        0.0005942680003683839,
        -0.05674265739221613,
        0.02759246275509162,
        -0.008471029043595838,
        0.052036010000640384,
        -0.006521925879645756,
        0.0539902477728957,
        -0.018140594971787428,
        -0.020467398655851714,
        -0.022173935478054112,
        1.24700125989335e-05,
        -1.7963011031034305e-05,
        -3.315308587766225e-05,
        -4.0138614004272245e-05,
        2.3544748559654983e-05,
        -4.8343746865964434e-05,
        -3.332745829714924e-05,
        -2.832749702762591e-05,
        -7.862453673484082e-05,
        0.00020238824808422077,
        0.00013952344067498675,
        9.06229833587504e-05,
        0.00023811090303114084,
        1.1508102282822755e-06,
        -2.119456669895433e-06,
        -7.637926051264091e-07,
        -2.790445042871371e-06,
        2.14887093756101e-06,
        -6.943265668613406e-06,
        -2.987097141313925e-06,
        -6.0282404011133945e-06,
        2.14861434182785e-05,
        -0.00010318577603562344,
        -0.00012266162514480353,
        -0.0001373259298258246,
        0.0010626068953254546,
        0.004338099914420608,
        0.005156896676918509,
        -0.0006733000866611427,
        0.0038748573282428836,
        7.383235876992891e-09,
        -1.9623684296525396e-08,
        -1.381239600093603e-08,
        -2.8329681108606502e-08,
        7.851818955742448e-08,
        -1.6437537269713767e-07,
        4.5806208273068097e-10,
        -5.41001008470376e-09,
        -7.185253579207856e-10,
        -7.762836750670187e-09,
        0.0062380744340169115,
        -0.008467982379573746,
        -0.00819942742228577,
        -0.008590021460181571,
        0.0006274974557498013,
        0.018301347341401375,
        0.017720935463663184,
        0.0005630930414418809,
        0.017469172801425254
      ],
      [
        -0.0005058224507875421,
        -0.00039025826529723453,
        -0.00011472560467371523,
        -0.0014171330260511917,
        -2.4847645048177163e-05,
        8.977131743723896e-05,
        -0.40396132863530076,
        0.0,
        -2.8497031583710583e-06,
        -3.5338314593045556e-06,
        -1.93541108816105e-06,
        -8.976996060661963e-06,
        -0.00043527643236265323,
        0.0012864645014502285,
        -0.0024260645562577334,
        0.005835935298991741,
        -0.002526880279055071,
        -0.0014304328415021732,
        0.0003535741946830332,
        -0.0028779843242644327,
        -0.013749779541420452,
        -0.009655214063623773,
        0.01744254419581649,
        -0.007616272182412422,
        -0.008653495358523371,
        0.008128242117873982,
        0.010047495225229717,
        -0.010445377876303235,
        -0.004455828533126632,
        0.025600192574936242,
        0.03164494966211844,
        0.0052591643127022965,
        -0.02462503661501485,
        -0.35157868389931407,
        0.31980026624154095,
        0.09906106917904352,
        0.10242468153807155,
        -0.05187801292774187,
        0.07321104867321736,
        0.03703527372872028,
        -0.018900904654520694,
        -0.032875063312699696,
        0.01725627880308205,
        0.1027800808426286,
        -0.009737070055110668,
        0.10347193794256505,
        0.005643477216047479,
        0.0336131011278802,
        0.1724015446142265,
        -0.059569977541082814,
        -0.05637133894129967,
        0.036864813660214366,
        0.061552346449656285,
        0.030343062281701753,
        -0.00850513309393722,
        0.016535803188633447,
        -0.05604547582382234,
        0.05247072931034114,
        -0.020708956598521115,
        0.0505778096910709,
        -0.056564285396745656,
        -0.02393647826294297,
        0.07554824771319364,
        -0.1310511608842374,
        -0.13528468263300034,
        -0.05237498896908468,
        0.1653057980019532,
        0.04286452143992281,
        0.030193083479111052
      ],
      [
        0.0016111858433894037,
        0.0008427997422579385,
        0.0002477608257079458,
        0.0030604331933661686,
        8.977058582754514e-05,
        -0.00016081035656546167,
        0.0,
        -0.08031933656006061,
        1.4163590255634576e-05,
        1.553427568124311e-05,
        8.507822103645312e-06,
        3.9461738116735146e-05,
        0.0012862584191373056,
        -0.001685771155137453,
        0.005836308536854587,
        -0.004934045748416653,
        0.008589178752928625,
        0.003931399099623177,
        -0.0009717626932887747,
        0.007909847042704116,
        0.044643222456433644,
        0.015081678275739531,
        -0.027245676599006435,
        0.011896801661639953,
        0.02220815966407751,
        -0.012379558230738582,
        -0.015302638677590576,
        0.01590862597183392,
        0.0011163571235066273,
        -0.0064138368726944514,
        -0.007928281960510236,
        -0.001317623759650672,
        0.006169522645992303,
        0.008888006882989314,
        0.11728533849506405,
        0.03633021062456472,
        0.03756380063601528,
        0.06168993180986662,
        -0.03100299265467669,
        -0.015683484121372812,
        0.008004046094004659,
        0.03887309410237587,
        -0.006927989288067608,
        -0.041263780403065616,
        0.003909204169031053,
        -0.011877706476980039,
        -0.000647823624594181,
        -0.0038585007386217245,
        -0.019790244425908144,
        0.006838131402023454,
        0.08741699667323946,
        -0.01731757314883084,
        -0.028914760615608142,
        -0.014253922601269009,
        0.016533527235376214,
        -0.007909620243259433,
        0.09381273692217391,
        -0.014967415136133626,
        0.005907284966690015,
        -0.014427454778552574,
        0.053050999782963654,
        0.0067591311275005915,
        -0.02133315131561838,
        0.03700594427873993,
        0.01010187052262096,
        0.003910903635888301,
        -0.01234358343866877,
        -0.0032007455476307177,
        -0.002254553982375717
      ],
      [
        -0.27446147185854874,
        0.25611685280156915,
        0.2354615501386953,
        0.24128078084438698,
        -0.4597294931699564,
        -0.04745487807908372,
        -2.8497031583710583e-06,
        1.4163590255634576e-05,
        -0.8702376899080791,
        0.0,
        0.0,
        0.0,
        -0.049691861072605585,
        0.08310370960222109,
        -0.015755260142567253,
        0.04337787442094979,
        -0.01453667245616719,
        0.0036191158515409393,
        0.013070859962324238,
        0.016564188832099123,
        -4.500637159424377e-09,
        2.7613312288227813e-08,
        1.0666889365578977e-07,
        1.3825354483548135e-07,
        -1.8407647918943538e-06,
        6.278229855755916e-06,
        5.398609702807375e-06,
        5.056903744398724e-06,
        3.845838849145249e-05,
        -0.00024285110269173268,
        -0.00020882611013788745,
        -3.9283363804643755e-05,
        -0.0002592610786355684,
        -7.675160143850585e-09,
        1.9479468397370862e-08,
        9.140866483008363e-09,
        3.522924316969849e-08,
        -7.646741952534805e-08,
        4.994116396848382e-07,
        2.630054034469154e-07,
        5.650204975658122e-07,
        -2.4694783020333173e-06,
        3.526122690598406e-05,
        5.71522393993226e-05,
        6.78528497046711e-05,
        -0.005197395145606889,
        -0.009168587541767912,
        -0.014860665839504277,
        0.0038762166089157985,
        -0.0077226721120998544,
        -1.876984743147593e-12,
        8.294949866118305e-12,
        7.610242031647778e-12,
        1.6377244969761814e-11,
        -1.167939371242774e-09,
        5.915426116885843e-09,
        0.0,
        1.4299450625483292e-12,
        2.402647493123372e-13,
        2.7243460229037962e-12,
        -0.0023514699316931863,
        0.0075154387438637876,
        0.011442926176082186,
        0.013286258923707392,
        -0.03546578707910142,
        -0.07406724837623938,
        -0.11277399552046849,
        0.027615623082393178,
        -0.06379117403188098
      ],
      [
        -0.17755847689569887,
        -0.009700676911020601,
        0.16399026302742384,
        0.16804314203667836,
        0.4035466782854856,
        0.19071971039708363,
        -3.5338314593045556e-06,
        1.553427568124311e-05,
        0.0,
        -0.653357766664925,
        0.0,
        0.0,
        -0.06338693418946116,
        0.036422209741488014,
        0.005103633587517983,
        -0.008310939024450391,
        -0.005033233226735073,
        -0.004687182836585652,
        0.004715520210224061,
        0.005975794050955613,
        -5.972638246327663e-09,
        -1.3554598194570208e-08,
        9.035662479796739e-08,
        1.1711121442769836e-07,
        -3.6748263416419105e-06,
        9.86834486898982e-06,
        9.660419958557446e-06,
        9.048961964316381e-06,
        1.793294465987211e-05,
        -0.00027399475586065597,
        -0.00027480686479185184,
        4.902474081032931e-06,
        -0.00029250917602418285,
        -1.9331613219219935e-08,
        3.7351959551233524e-08,
        2.071266941651011e-08,
        7.982740683546902e-08,
        -1.879614056176726e-07,
        9.063833929205518e-07,
        5.337744085840046e-07,
        1.146719717440728e-06,
        -1.9561349994828717e-06,
        1.1014877181915274e-05,
        3.3675107004999396e-05,
        3.99800952406079e-05,
        -0.0021685902271947935,
        -9.499126098713799e-05,
        -0.004107840211850103,
        0.002339178308867486,
        -8.001083686845806e-05,
        -8.314940074657551e-12,
        2.742938671930919e-11,
        2.8967418618315505e-11,
        6.233790053994816e-11,
        -4.614610644510617e-09,
        2.0962058483363545e-08,
        0.0,
        6.241190044672524e-12,
        1.1644598915968677e-12,
        1.3203733313283073e-11,
        -0.0014591076144888152,
        0.0006898188939675519,
        0.005636530344739323,
        0.006544514964019504,
        -0.019037795896502868,
        0.009238033195855025,
        -0.030286489879989078,
        0.023893659696978323,
        0.007956350427865085
      ],
      [
        -0.1632387472858671,
        0.1639902630274238,
        -0.037311812235631715,
        0.15449080480771393,
        0.0012574205207249868,
        0.0005942680003683839,
        -1.93541108816105e-06,
        8.507822103645312e-06,
        0.0,
        0.0,
        -0.653357766664925,
        0.0,
        -0.025089337138450893,
        0.014416363738309578,
        -0.013720710845795516,
        0.022343295077140925,
        -0.01817811016918957,
        0.004715520210224061,
        0.011037816142645523,
        0.02158227876857662,
        -2.307201350174988e-08,
        9.035662479796738e-08,
        3.1209812068136914e-07,
        4.5239497338442175e-07,
        -3.1599596701499696e-06,
        9.660419958557446e-06,
        6.940841876756338e-06,
        7.781144523739553e-06,
        1.5420424429337265e-05,
        -0.0002748068647918518,
        -0.00019071701820373311,
        -9.31206011955551e-05,
        -0.00023677834070179454,
        -9.071484484756222e-09,
        2.0712669416510117e-08,
        2.9321762397477293e-09,
        3.745952675311703e-08,
        -9.898620974897978e-08,
        5.337744085840048e-07,
        1.7391997119044486e-07,
        6.038975825961065e-07,
        -3.1705503636025244e-06,
        3.3675107004999396e-05,
        4.4819759011684605e-05,
        6.480069398864761e-05,
        -0.003514902874880819,
        -0.004107840211850103,
        -0.004218661986563495,
        -0.00031804138444677446,
        -0.002192320561263389,
        -7.628582145536612e-12,
        2.8967418618315505e-11,
        2.2432013658278476e-11,
        5.7192209538427856e-11,
        -1.894554961593574e-09,
        8.606093767003555e-09,
        0.0,
        1.1644598915968677e-12,
        -4.93481659875821e-13,
        2.2185409478944175e-12,
        -0.0022216215559187733,
        0.005636530344739323,
        0.005570001767385131,
        0.009964608074636401,
        -0.02898674321267958,
        -0.030286489879989078,
        -0.016984412203770175,
        -0.013795880311566198,
        -0.009607317624241302
      ],
      [
        -0.16727305322670977,
        0.16804314203667833,
        0.15449080480771393,
        -0.029767681636926505,
        -0.12006263463826185,
        -0.05674265739221613,
        -8.976996060661963e-06,
        3.9461738116735146e-05,
        0.0,
        0.0,
        0.0,
        -0.653357766664925,
        -0.01489518907874687,
        0.008558793822456877,
        -0.020113729323861653,
        0.03275391446081649,
        -0.02303640696335754,
        0.005975794050955613,
        0.02158227876857662,
        0.02135754015714835,
        -2.990363491911846e-08,
        1.1711121442769839e-07,
        4.523949733844218e-07,
        5.494039268283773e-07,
        -2.95994946251081e-06,
        9.048961964316381e-06,
        7.781144523739553e-06,
        5.922544135502429e-06,
        9.340450742940342e-05,
        -0.00020081509534054215,
        -0.00017267961624273912,
        -4.163886882846143e-05,
        -0.0002748068647918518,
        -3.496184233931026e-08,
        7.982740683546902e-08,
        3.745952675311703e-08,
        1.3758304698549123e-07,
        -2.1265432858610854e-07,
        1.1467197174407282e-06,
        6.038975825961065e-07,
        1.1901850145080191e-06,
        -3.76417231526998e-06,
        3.99800952406079e-05,
        6.480069398864761e-05,
        6.717166464143786e-05,
        5.220771832145391e-05,
        -0.0036092507066946195,
        -0.005849959815385171,
        0.002061835362788179,
        -0.004107840211850103,
        -1.6416712904773826e-11,
        6.233790053994816e-11,
        5.7192209538427856e-11,
        1.1893338066419215e-10,
        -4.408304512902345e-09,
        2.0024904402684282e-08,
        0.0,
        1.3203733313283073e-11,
        2.2185409478944175e-12,
        2.4466749757672087e-11,
        -0.002579500974507948,
        0.006544514964019504,
        0.009964608074636401,
        0.008557680928002947,
        0.01679752771750113,
        -0.01868808768413224,
        -0.02845428125088205,
        0.0131112226998126,
        -0.030286489879989078
      ],
      [
        -0.31660849739427416,
        -0.3195165415754494,
        -0.006324177318474161,
        0.08718262845624403,
        -0.016563257690152135,
        0.02759246275509162,
        -0.00043527643236265323,
        0.0012862584191373056,
        -0.049691861072605585,
        -0.06338693418946116,
        -0.025089337138450893,
        -0.01489518907874687,
        -0.4038645013615022,
        0.0,
        -0.012804479707115329,
        0.02275301422068865,
        -0.05485025916250106,
        -0.039819730256676865,
        0.018739304907427156,
        0.03722418893737497,
        -4.456832609069444e-05,
        -3.636694782067861e-05,
        7.989523602316742e-05,
        0.0001212240360574341,
        -0.003086508830084057,
        0.002952994076484153,
        0.004087044946266095,
        0.004281172858183247,
        -0.003283692609442642,
        -0.012802403959506787,
        -0.017718965581216623,
        0.004042441968727435,
        -0.012221884548002908,
        -4.2375418260982727e-05,
        2.3245904450118812e-05,
        1.408762351510054e-05,
        0.00011015840283643009,
        -0.00023166941399828495,
        0.00031940941042460174,
        0.00020707627426638672,
        0.0006276831412967342,
        -0.0002485316727596011,
        0.00025766443189800635,
        0.0015235192732172855,
        0.002020854819277385,
        -0.02694765375989957,
        -0.00840926071147456,
        -0.04972231003350807,
        0.01820668401289294,
        -0.006339728438296017,
        -8.956267600669302e-07,
        5.951114189011555e-07,
        1.1242231939393944e-06,
        3.1030457715257253e-06,
        -3.166252561362418e-05,
        0.00011307429766862585,
        -8.951432325431173e-08,
        1.7646550315483192e-07,
        -2.5750925182655048e-08,
        7.424247186853071e-07,
        -0.04002115945775698,
        -0.01493559771356762,
        0.06855782253290049,
        0.09779907535035248,
        -0.10696265590810934,
        0.03809835034824219,
        -0.17488017500621003,
        0.058386964944885114,
        0.026707204875037093
      ],
      [
        0.03600059712800147,
        -0.09060689067422407,
        -0.0017933783336349929,
        0.024722810425641412,
        0.02759665866989533,
        -0.008471029043595838,
        0.0012864645014502285,
        -0.001685771155137453,
        0.08310370960222109,
        0.036422209741488014,
        0.014416363738309578,
        0.008558793822456877,
        0.0,
        -0.08030008446378027,
        0.022758115077628004,
        -0.008411324090111623,
        0.07913319414598059,
        0.02398957743978484,
        -0.011289579395608406,
        -0.02242588177745389,
        0.0002266938879979785,
        0.000151227316922093,
        -0.00033223415498649075,
        -0.0005040947018657649,
        0.009408419684319774,
        -0.005735055517361367,
        -0.007937513270156757,
        -0.0083145320935876,
        0.0012479909953120373,
        0.0048656457105232895,
        0.006734220318921871,
        -0.0015363591468750737,
        0.004645015132594842,
        0.00016628375989844198,
        -7.528773399646888e-05,
        -4.5626327602059324e-05,
        -0.00035677581605918636,
        0.0007792294457232393,
        -0.0007435211495046651,
        -0.0004820321019127628,
        -0.0014611206667995552,
        0.0006348015280439118,
        -0.000280945102750858,
        -0.0016611733160220269,
        -0.002203444459385799,
        0.008925207465045217,
        0.0027851922525905246,
        0.016468295779825712,
        -0.006030151400690889,
        0.0020997520633146923,
        4.4856988751601734e-06,
        -2.645751075939033e-06,
        -4.998080410644585e-06,
        -1.3795545553236757e-05,
        0.00011307684845321076,
        -0.00019948013787046868,
        4.6402412586736203e-07,
        -7.9621760360278e-07,
        1.1618894102774481e-07,
        -3.3498424326505377e-06,
        0.0438139935461667,
        0.005360163017080537,
        -0.024604378875215747,
        -0.03509862791238862,
        0.010769657422419528,
        -0.0038359760060780058,
        0.017608010560318035,
        -0.005878758385837319,
        -0.002689045487629061
      ],
      [
        -0.08143290591779298,
        0.08022514577963206,
        -0.04277871870442208,
        -0.08215110285474525,
        -0.04366454157094829,
        0.052036010000640384,
        -0.0024260645562577334,
        0.005836308536854587,
        -0.015755260142567253,
        0.005103633587517983,
        -0.013720710845795516,
        -0.020113729323861653,
        -0.012804479707115329,
        0.022758115077628004,
        -0.4039999879521502,
        0.0,
        -0.4635624593484142,
        0.3544327838988854,
        0.006542525479466455,
        -0.09968187687841384,
        -0.005244173749216135,
        0.0041792354764942675,
        0.005273376936419022,
        0.006077179576617535,
        -0.00048600494377842076,
        0.0011421706622805558,
        0.0004552768005817613,
        0.00021519599974185034,
        0.0035450014137239296,
        -0.0021267914701103186,
        -0.0008477531843473008,
        -0.004747291926771231,
        -0.004499520517007548,
        -0.00010259259291502018,
        0.00019026723976566578,
        -3.78428378856887e-06,
        0.00017464262312494547,
        -7.727624936892937e-05,
        0.0002410228201333722,
        3.42995284231685e-05,
        0.0001265421236344072,
        -0.0011109858899959822,
        0.005170708749172321,
        0.004375116163630559,
        0.004497762387456696,
        0.0038787706011079357,
        -0.05767416110255359,
        -0.048800109753620514,
        -0.009416920364710233,
        -0.0561014861895135,
        -7.85700836894845e-06,
        1.6707195036764463e-05,
        5.995242420247076e-06,
        1.7675560966462927e-05,
        -4.001449829676516e-06,
        1.542303431818499e-05,
        -3.0700044274108633e-07,
        1.4576867742302648e-06,
        -3.3948328910828357e-07,
        1.581091881279191e-06,
        -0.08263949936992326,
        0.17408978435649544,
        0.07686235022204885,
        0.05261479930171354,
        0.0904842908300881,
        -0.09358618588437694,
        -0.04131922055036056,
        -0.12464655090005265,
        -0.13671541640103668
      ],
      [
        0.07283971074100944,
        -0.016003946806470718,
        0.008533837264380057,
        0.016388151961626254,
        0.052032258193937614,
        -0.006521925879645756,
        0.005835935298991741,
        -0.004934045748416653,
        0.04337787442094979,
        -0.008310939024450391,
        0.022343295077140925,
        0.03275391446081649,
        0.02275301422068865,
        -0.008411324090111623,
        0.0,
        -0.08032702316385436,
        -0.013695843823728151,
        0.14905091340636442,
        0.0027513521406560665,
        -0.041919583835752144,
        0.021003957309297664,
        -0.010071924547219085,
        -0.012708796838892493,
        -0.014645954864198611,
        0.001754240208255431,
        -0.0028085904274579116,
        -0.0011195227702701326,
        -0.0005291656009579203,
        -0.002068150998936594,
        0.001240768448331294,
        0.0004945785319780094,
        0.0027695663258655457,
        0.0026250166829156455,
        0.0003905150207804597,
        -0.0005899598772308208,
        1.1733893875058727e-05,
        -0.0005415127723771905,
        0.00027655143144655696,
        -0.0006124200704489865,
        -8.715240989073216e-05,
        -0.0003215336051086962,
        0.0025429858285177334,
        -0.004908107854380932,
        -0.004152920430875441,
        -0.004269337913211412,
        -0.0011046577941701816,
        0.01642536208920522,
        0.013898069037725148,
        0.0026818998976081802,
        0.015977470790892973,
        3.873529426326817e-05,
        -7.23464408060718e-05,
        -2.596093778279452e-05,
        -7.653971371977055e-05,
        1.541992534114337e-05,
        -2.992745928263817e-05,
        1.5898371016461189e-06,
        -6.537064965499852e-06,
        1.5224287925465227e-06,
        -7.090480977852216e-06,
        0.06325863167651716,
        -0.03438548230106704,
        -0.015181528272598319,
        -0.010392253955915512,
        -0.004027581098160545,
        0.0041656507428969375,
        0.0018391757304243824,
        0.0055481906057998805,
        0.00608539252363644
      ],
      [
        -0.2712169863056323,
        0.110871235400475,
        -0.2059631940022802,
        -0.31123290654446906,
        -0.026673894215900763,
        0.0539902477728957,
        -0.002526880279055071,
        0.008589178752928625,
        -0.01453667245616719,
        -0.005033233226735073,
        -0.01817811016918957,
        -0.02303640696335754,
        -0.05485025916250106,
        0.07913319414598059,
        -0.4635624593484142,
        -0.013695843823728151,
        -0.7503059136148247,
        0.0,
        0.0,
        0.0,
        -0.0018954729211784853,
        0.0009027872791062554,
        0.0037107792830614332,
        0.00490210158575104,
        -0.0013793438029412763,
        0.0034239091564300032,
        0.001749064209325208,
        0.0011198454376365183,
        0.010798453713545009,
        -0.011685216748534974,
        -0.005969257202600619,
        -0.013202048022474542,
        -0.018250906514568378,
        -7.534097247302785e-05,
        0.00013653375927419,
        -4.667914823063099e-06,
        0.00018637014184506268,
        -0.00014328687027544035,
        0.0004877535943326041,
        8.542964706427617e-05,
        0.000360361123463479,
        -0.0013873064332340344,
        0.005653184824016985,
        0.006937059973825629,
        0.007912730209877192,
        -0.020907832931884886,
        -0.07177036163130242,
        -0.08806987892281991,
        0.012967389721610312,
        -0.06292079848217469,
        -2.220170135289631e-06,
        4.629123424213408e-06,
        2.2487178526332322e-06,
        7.209266610841473e-06,
        -5.6900213939070416e-06,
        2.5413861381638694e-05,
        -2.8517250160921242e-08,
        2.776950344788123e-07,
        -8.745653855666097e-08,
        4.2501599973608965e-07,
        -0.21582437342666913,
        0.29805572343059233,
        0.234815576369928,
        0.2324431993992615,
        0.026564738571593246,
        -0.17751043152395735,
        -0.13984705212238327,
        -0.0431712650412364,
        -0.17932215008956343
      ],
      [
        -0.0693617604884025,
        -0.11162156877442449,
        -0.05907901385540346,
        -0.08927484974715734,
        0.015137708053020867,
        -0.018140594971787428,
        -0.0014304328415021732,
        0.003931399099623177,
        0.0036191158515409393,
        -0.004687182836585652,
        0.004715520210224061,
        0.005975794050955613,
        -0.039819730256676865,
        0.02398957743978484,
        0.3544327838988854,
        0.14905091340636442,
        0.0,
        -0.4694366994572089,
        0.0,
        0.0,
        -0.0004215613202620241,
        -0.0007769204896731558,
